[
   {
      "Type": "sym",
      "type_of": "roul order",
      "time": 1000,
      "solution": 82277,
      "permutation": "[55, 167, 39, 170, 128, 168, 181, 198, 177, 194, 138, 13, 165, 109, 105, 162, 156, 54, 12, 21, 35, 200, 152, 84, 29, 19, 58, 133, 51, 126, 160, 149, 147, 99, 57, 38, 47, 92, 91, 63, 191, 82, 93, 68, 183, 23, 71, 184, 139, 22, 43, 90, 42, 174, 131, 116, 182, 75, 79, 31, 48, 158, 180, 145, 129, 142, 161, 150, 101, 28, 118, 61, 178, 171, 16, 196, 97, 163, 186, 119, 9, 72, 166, 15, 141, 20, 112, 53, 70, 50, 89, 134, 148, 120, 100, 114, 192, 144, 122, 125, 49, 146, 81, 8, 14, 98, 32, 24, 189, 77, 95, 195, 135, 136, 60, 26, 123, 56, 193, 45, 106, 143, 17, 103, 66, 179, 44, 86, 34, 88, 190, 159, 111, 102, 73, 153, 127, 6, 80, 87, 36, 164, 11, 197, 46, 154, 65, 25, 85, 124, 140, 104, 2, 40, 188, 137, 187, 107, 155, 62, 94, 115, 113, 110, 130, 37, 132, 18, 10, 33, 30, 5, 3, 173, 151, 157, 172, 199, 67, 117, 121, 78, 83, 41, 27, 69, 108, 185, 74, 169, 76, 4, 96, 52, 64, 7, 1, 176, 59, 175]",
      "size_of_graph": 200,
      "iteration": 3,
      "mutex": 0.05
   },
   {
      "Type": "sym",
      "type_of": "roul order",
      "time": 1000,
      "solution": 82323,
      "permutation": "[94, 186, 142, 194, 174, 9, 124, 127, 171, 147, 66, 198, 104, 135, 189, 157, 55, 24, 61, 16, 164, 153, 20, 187, 73, 163, 50, 30, 13, 71, 151, 3, 108, 115, 17, 180, 46, 31, 90, 44, 4, 19, 111, 93, 134, 48, 8, 72, 137, 92, 166, 101, 14, 197, 42, 128, 59, 62, 23, 116, 118, 122, 177, 68, 28, 74, 63, 150, 5, 32, 54, 183, 133, 169, 89, 136, 21, 76, 139, 144, 36, 200, 117, 80, 143, 109, 132, 96, 38, 27, 78, 67, 25, 152, 146, 10, 39, 140, 11, 97, 185, 100, 87, 182, 156, 112, 91, 52, 181, 40, 145, 159, 126, 162, 29, 56, 69, 86, 120, 148, 33, 154, 35, 179, 107, 18, 26, 199, 2, 125, 77, 51, 175, 188, 192, 191, 6, 141, 105, 131, 196, 193, 85, 155, 57, 138, 1, 167, 113, 184, 34, 106, 41, 110, 15, 7, 178, 130, 102, 149, 12, 60, 43, 129, 123, 168, 45, 84, 70, 58, 81, 165, 176, 114, 161, 37, 119, 173, 82, 95, 65, 22, 160, 83, 47, 172, 88, 53, 158, 98, 79, 49, 170, 103, 64, 195, 99, 190, 121, 75]",
      "size_of_graph": 200,
      "iteration": 2,
      "mutex": 0.1
   },
   {
      "Type": "sym",
      "type_of": "roul order",
      "time": 1000,
      "solution": 82678,
      "permutation": "[116, 185, 48, 82, 51, 160, 151, 74, 107, 124, 67, 123, 183, 136, 165, 117, 23, 70, 31, 59, 96, 177, 131, 50, 34, 61, 198, 26, 13, 184, 119, 161, 90, 62, 154, 94, 186, 84, 49, 10, 179, 168, 52, 93, 7, 77, 57, 89, 68, 106, 35, 195, 95, 71, 76, 9, 91, 101, 104, 3, 16, 19, 85, 187, 20, 43, 113, 27, 146, 190, 197, 42, 88, 118, 174, 100, 166, 127, 121, 125, 66, 193, 75, 92, 182, 11, 21, 159, 155, 5, 99, 128, 45, 29, 164, 133, 12, 47, 56, 171, 6, 8, 129, 38, 148, 14, 189, 2, 64, 55, 58, 114, 163, 141, 175, 112, 153, 83, 87, 102, 192, 130, 81, 72, 78, 156, 181, 142, 200, 162, 169, 54, 36, 65, 180, 147, 139, 188, 4, 138, 145, 86, 122, 191, 144, 196, 40, 44, 167, 143, 15, 135, 137, 37, 32, 149, 134, 18, 98, 120, 103, 105, 17, 41, 178, 109, 176, 111, 63, 150, 39, 199, 108, 22, 126, 79, 28, 132, 24, 172, 97, 46, 30, 53, 73, 157, 173, 110, 170, 80, 152, 140, 1, 158, 33, 60, 194, 115, 25, 69]",
      "size_of_graph": 200,
      "iteration": 3,
      "mutex": 0.2
   },
   {
      "Type": "sym",
      "type_of": "roul order",
      "time": 1000,
      "solution": 79498,
      "permutation": "[88, 180, 50, 128, 166, 96, 112, 75, 111, 53, 61, 68, 134, 86, 26, 81, 22, 136, 87, 167, 91, 115, 49, 56, 32, 193, 192, 69, 100, 21, 41, 106, 124, 79, 74, 72, 90, 38, 94, 18, 114, 19, 188, 47, 147, 122, 149, 170, 139, 110, 11, 161, 84, 59, 156, 71, 42, 131, 159, 178, 66, 154, 121, 46, 17, 177, 1, 16, 89, 123, 163, 190, 191, 36, 43, 39, 65, 104, 52, 55, 85, 169, 129, 30, 113, 140, 152, 186, 153, 105, 199, 58, 37, 63, 137, 189, 62, 23, 143, 181, 6, 48, 7, 179, 99, 93, 35, 171, 119, 117, 101, 176, 107, 103, 197, 198, 168, 194, 67, 184, 97, 146, 8, 133, 57, 73, 164, 44, 141, 158, 155, 108, 165, 127, 174, 70, 82, 95, 14, 40, 29, 172, 24, 196, 135, 118, 116, 148, 45, 34, 25, 132, 10, 60, 80, 138, 102, 83, 54, 3, 150, 125, 126, 31, 195, 4, 27, 28, 92, 182, 5, 2, 9, 162, 78, 109, 200, 15, 77, 98, 12, 130, 144, 13, 142, 185, 175, 76, 51, 64, 187, 120, 160, 151, 173, 20, 157, 183, 145, 33]",
      "size_of_graph": 200,
      "iteration": 2,
      "mutex": 0.3
   },
   {
      "Type": "sym",
      "type_of": "roul order",
      "time": 1000,
      "solution": 83377,
      "permutation": "[193, 41, 78, 73, 66, 43, 18, 33, 68, 137, 153, 25, 53, 57, 17, 2, 11, 30, 189, 24, 195, 98, 186, 194, 110, 37, 107, 39, 82, 178, 138, 158, 49, 166, 94, 77, 84, 159, 72, 19, 97, 38, 180, 28, 147, 165, 60, 67, 46, 92, 56, 190, 151, 143, 115, 102, 88, 91, 132, 55, 40, 79, 131, 136, 185, 45, 135, 22, 83, 119, 104, 101, 6, 152, 23, 172, 181, 198, 62, 191, 76, 121, 123, 54, 122, 69, 75, 113, 90, 154, 14, 120, 173, 105, 142, 71, 150, 26, 59, 29, 34, 112, 52, 3, 9, 4, 174, 99, 103, 156, 163, 5, 129, 58, 117, 8, 118, 70, 164, 145, 199, 133, 48, 80, 179, 108, 182, 134, 130, 12, 175, 87, 20, 124, 64, 167, 161, 149, 61, 128, 116, 36, 127, 196, 168, 106, 140, 86, 114, 85, 89, 155, 32, 42, 47, 176, 44, 111, 95, 93, 192, 1, 170, 63, 157, 100, 197, 148, 31, 146, 200, 188, 35, 96, 177, 160, 7, 144, 162, 74, 65, 125, 109, 187, 21, 169, 51, 15, 10, 27, 141, 81, 16, 13, 126, 50, 183, 171, 139, 184]",
      "size_of_graph": 200,
      "iteration": 2,
      "mutex": 0.5
   },
   {
      "Type": "sym",
      "type_of": "roul order",
      "time": 1000,
      "solution": 82719,
      "permutation": "[62, 143, 78, 187, 58, 7, 27, 89, 37, 68, 192, 158, 106, 30, 112, 67, 1, 138, 164, 28, 52, 200, 82, 152, 189, 135, 6, 59, 51, 190, 117, 109, 66, 74, 167, 162, 61, 38, 54, 3, 121, 99, 127, 92, 122, 103, 96, 115, 42, 87, 97, 77, 118, 104, 22, 194, 5, 181, 170, 8, 94, 72, 57, 36, 23, 144, 50, 131, 133, 107, 129, 180, 166, 163, 159, 20, 53, 150, 124, 16, 176, 98, 179, 71, 185, 119, 48, 136, 151, 145, 178, 85, 197, 116, 32, 11, 9, 165, 125, 45, 13, 29, 79, 149, 157, 64, 86, 18, 137, 2, 113, 102, 105, 160, 139, 132, 81, 47, 60, 33, 111, 195, 188, 140, 183, 17, 168, 84, 126, 19, 43, 73, 175, 108, 155, 147, 154, 171, 193, 63, 90, 196, 46, 186, 95, 26, 148, 173, 169, 100, 172, 123, 199, 146, 142, 128, 88, 134, 70, 75, 49, 76, 130, 80, 161, 110, 141, 12, 65, 39, 10, 14, 40, 184, 21, 153, 35, 41, 24, 93, 44, 114, 177, 182, 83, 174, 4, 25, 69, 55, 120, 34, 198, 15, 156, 56, 101, 91, 191, 31]",
      "size_of_graph": 200,
      "iteration": 2,
      "mutex": 0.05
   },
   {
      "Type": "sym",
      "type_of": "roul order",
      "time": 1000,
      "solution": 82797,
      "permutation": "[152, 193, 109, 130, 174, 80, 191, 90, 58, 117, 135, 24, 72, 8, 68, 132, 197, 14, 179, 56, 70, 57, 94, 53, 23, 125, 28, 67, 27, 61, 168, 97, 73, 126, 96, 185, 84, 6, 163, 81, 155, 114, 167, 111, 115, 187, 165, 129, 104, 51, 102, 5, 145, 159, 64, 50, 140, 11, 26, 156, 171, 20, 153, 99, 184, 200, 65, 139, 186, 170, 45, 190, 158, 142, 188, 49, 9, 151, 143, 121, 131, 106, 137, 103, 183, 4, 38, 101, 30, 82, 41, 78, 21, 189, 15, 122, 138, 162, 196, 181, 22, 160, 60, 10, 173, 18, 178, 44, 2, 95, 98, 161, 119, 83, 169, 176, 32, 35, 166, 36, 123, 66, 157, 62, 194, 55, 77, 71, 149, 34, 118, 175, 74, 87, 127, 154, 48, 69, 52, 172, 59, 12, 147, 19, 54, 79, 105, 40, 17, 85, 3, 29, 144, 150, 116, 100, 46, 92, 164, 182, 198, 124, 148, 146, 136, 63, 7, 195, 91, 112, 31, 1, 33, 25, 43, 192, 76, 113, 39, 93, 47, 120, 128, 177, 199, 107, 37, 13, 89, 108, 75, 16, 133, 134, 141, 180, 110, 42, 86, 88]",
      "size_of_graph": 200,
      "iteration": 2,
      "mutex": 0.1
   },
   {
      "Type": "sym",
      "type_of": "roul order",
      "time": 1000,
      "solution": 83267,
      "permutation": "[98, 174, 188, 88, 37, 186, 84, 56, 54, 6, 156, 110, 190, 83, 14, 121, 161, 192, 71, 23, 3, 85, 12, 126, 103, 52, 159, 119, 100, 139, 89, 183, 143, 196, 116, 8, 80, 91, 160, 187, 29, 179, 51, 101, 70, 146, 1, 141, 21, 35, 19, 47, 123, 142, 135, 63, 173, 94, 163, 114, 68, 170, 64, 87, 93, 176, 32, 18, 36, 133, 43, 24, 199, 178, 117, 39, 40, 111, 115, 65, 69, 34, 82, 184, 108, 78, 175, 127, 86, 149, 191, 49, 7, 197, 168, 62, 26, 42, 107, 17, 177, 169, 55, 182, 129, 120, 53, 102, 154, 136, 28, 73, 148, 9, 25, 157, 128, 158, 81, 45, 118, 164, 193, 44, 15, 181, 162, 75, 5, 109, 27, 152, 57, 92, 130, 134, 194, 59, 95, 189, 77, 104, 90, 13, 30, 112, 20, 99, 41, 66, 165, 105, 150, 60, 72, 198, 96, 50, 31, 131, 2, 200, 138, 106, 22, 140, 125, 61, 166, 113, 16, 124, 58, 144, 11, 180, 171, 147, 153, 185, 167, 76, 38, 67, 74, 46, 33, 48, 132, 122, 79, 195, 172, 151, 137, 145, 97, 10, 155, 4]",
      "size_of_graph": 200,
      "iteration": 2,
      "mutex": 0.2
   },
   {
      "Type": "sym",
      "type_of": "roul order",
      "time": 1000,
      "solution": 82871,
      "permutation": "[74, 133, 53, 111, 8, 190, 191, 14, 13, 70, 145, 75, 189, 149, 135, 89, 38, 81, 174, 19, 126, 31, 55, 192, 42, 29, 36, 184, 193, 50, 41, 32, 144, 52, 146, 2, 99, 58, 107, 27, 62, 93, 10, 97, 198, 64, 84, 92, 138, 102, 175, 199, 127, 130, 17, 47, 78, 51, 22, 49, 137, 123, 44, 166, 187, 129, 178, 120, 168, 66, 116, 26, 108, 110, 1, 100, 77, 16, 139, 150, 98, 61, 118, 79, 4, 195, 86, 105, 106, 183, 21, 48, 155, 73, 170, 88, 117, 5, 131, 128, 188, 63, 95, 40, 6, 71, 140, 169, 121, 147, 104, 56, 94, 141, 46, 143, 197, 164, 167, 115, 153, 142, 173, 176, 119, 101, 148, 57, 165, 186, 45, 194, 23, 181, 163, 113, 59, 124, 125, 172, 33, 7, 25, 185, 90, 54, 35, 109, 20, 69, 87, 156, 28, 182, 96, 180, 159, 132, 134, 122, 151, 72, 161, 34, 39, 179, 158, 11, 157, 43, 171, 114, 160, 152, 103, 12, 136, 83, 65, 154, 67, 112, 30, 9, 200, 80, 15, 68, 37, 196, 82, 60, 24, 85, 91, 18, 177, 3, 162, 76]",
      "size_of_graph": 200,
      "iteration": 2,
      "mutex": 0.3
   },
   {
      "Type": "sym",
      "type_of": "roul order",
      "time": 1000,
      "solution": 83655,
      "permutation": "[112, 36, 80, 189, 103, 169, 78, 55, 109, 79, 44, 142, 151, 67, 89, 102, 127, 65, 149, 121, 64, 98, 12, 139, 143, 115, 144, 50, 46, 173, 92, 126, 51, 95, 18, 120, 137, 110, 124, 176, 21, 184, 33, 166, 56, 119, 194, 72, 86, 140, 185, 125, 15, 180, 9, 156, 76, 37, 84, 30, 150, 104, 3, 134, 159, 73, 153, 75, 135, 6, 118, 101, 35, 192, 155, 129, 162, 38, 195, 77, 97, 190, 99, 164, 161, 8, 90, 34, 178, 4, 49, 170, 82, 87, 96, 106, 160, 181, 74, 20, 182, 10, 165, 94, 141, 43, 53, 148, 187, 198, 52, 42, 24, 91, 32, 1, 27, 116, 14, 93, 133, 108, 199, 122, 16, 63, 197, 179, 117, 83, 54, 128, 31, 191, 5, 62, 17, 25, 58, 154, 22, 69, 57, 111, 71, 26, 114, 163, 41, 23, 29, 177, 186, 130, 200, 59, 145, 2, 66, 81, 147, 158, 47, 19, 68, 70, 136, 7, 105, 172, 39, 113, 167, 88, 188, 146, 152, 13, 193, 131, 45, 171, 61, 40, 168, 107, 183, 132, 48, 157, 100, 28, 174, 138, 60, 175, 196, 123, 85, 11]",
      "size_of_graph": 200,
      "iteration": 2,
      "mutex": 0.5
   },
   {
      "Type": "sym",
      "type_of": "roul order",
      "time": 1000,
      "solution": 82581,
      "permutation": "[4, 131, 101, 113, 130, 129, 41, 17, 98, 34, 186, 1, 128, 174, 77, 172, 119, 117, 169, 120, 175, 21, 81, 65, 3, 13, 40, 14, 143, 97, 178, 19, 80, 122, 46, 118, 27, 195, 53, 2, 42, 11, 134, 132, 166, 87, 73, 158, 141, 137, 135, 189, 54, 82, 160, 92, 56, 70, 23, 150, 24, 31, 196, 103, 156, 155, 64, 85, 94, 22, 83, 66, 125, 153, 99, 30, 28, 108, 75, 8, 167, 37, 76, 151, 55, 88, 144, 58, 36, 102, 7, 139, 16, 170, 163, 50, 74, 194, 148, 133, 126, 43, 112, 147, 48, 190, 183, 62, 191, 39, 63, 18, 124, 161, 33, 165, 95, 51, 26, 121, 110, 145, 38, 140, 35, 200, 10, 171, 193, 173, 152, 179, 198, 111, 89, 49, 188, 79, 127, 91, 199, 138, 20, 69, 142, 177, 45, 68, 47, 115, 93, 32, 72, 57, 71, 12, 114, 104, 106, 192, 84, 105, 197, 176, 61, 67, 9, 168, 184, 123, 107, 180, 146, 154, 86, 15, 25, 90, 159, 6, 157, 162, 59, 164, 5, 29, 52, 136, 181, 60, 96, 78, 149, 44, 185, 116, 187, 182, 100, 109]",
      "size_of_graph": 200,
      "iteration": 3,
      "mutex": 0.05
   },
   {
      "Type": "sym",
      "type_of": "roul order",
      "time": 1000,
      "solution": 81783,
      "permutation": "[45, 117, 173, 74, 182, 185, 128, 172, 67, 176, 59, 69, 7, 127, 94, 82, 13, 195, 196, 92, 83, 184, 33, 123, 51, 101, 150, 153, 171, 19, 190, 15, 142, 29, 159, 39, 34, 155, 40, 158, 80, 191, 76, 3, 21, 103, 156, 199, 109, 134, 70, 131, 130, 20, 161, 23, 186, 114, 163, 140, 160, 151, 60, 169, 12, 194, 16, 1, 5, 180, 41, 189, 88, 107, 97, 77, 179, 164, 79, 113, 108, 154, 112, 11, 115, 95, 55, 148, 181, 168, 85, 62, 93, 144, 53, 26, 99, 50, 133, 66, 157, 61, 58, 174, 165, 71, 9, 48, 32, 170, 162, 125, 30, 6, 166, 68, 65, 111, 120, 104, 8, 90, 177, 38, 102, 135, 31, 28, 27, 188, 124, 122, 63, 96, 106, 98, 56, 46, 105, 139, 81, 22, 178, 37, 10, 44, 14, 78, 198, 24, 146, 138, 129, 47, 17, 42, 121, 126, 137, 18, 4, 145, 200, 84, 136, 86, 192, 141, 143, 2, 35, 118, 49, 110, 25, 91, 193, 52, 147, 119, 87, 183, 100, 73, 152, 36, 54, 43, 149, 75, 132, 72, 64, 175, 167, 57, 197, 116, 187, 89]",
      "size_of_graph": 200,
      "iteration": 3,
      "mutex": 0.1
   },
   {
      "Type": "sym",
      "type_of": "roul order",
      "time": 1000,
      "solution": 84037,
      "permutation": "[72, 177, 1, 54, 26, 175, 7, 23, 179, 35, 25, 49, 182, 82, 4, 178, 78, 63, 135, 115, 200, 131, 105, 59, 8, 34, 193, 33, 94, 140, 170, 147, 159, 185, 70, 47, 29, 181, 28, 52, 30, 53, 58, 141, 145, 176, 157, 61, 195, 174, 116, 146, 172, 86, 97, 6, 149, 2, 120, 9, 77, 129, 171, 199, 158, 16, 89, 50, 136, 12, 14, 109, 133, 67, 108, 40, 173, 190, 100, 169, 107, 184, 153, 143, 165, 126, 24, 93, 163, 43, 3, 196, 167, 36, 192, 48, 56, 17, 45, 119, 60, 88, 154, 134, 132, 124, 74, 128, 118, 66, 83, 21, 122, 121, 31, 194, 81, 106, 168, 37, 87, 198, 166, 156, 62, 114, 68, 137, 92, 73, 18, 69, 117, 101, 22, 155, 125, 42, 187, 183, 10, 102, 96, 15, 46, 197, 27, 160, 57, 142, 112, 38, 51, 76, 91, 19, 103, 162, 189, 99, 191, 123, 161, 95, 138, 127, 130, 41, 139, 65, 104, 164, 113, 75, 186, 150, 110, 98, 44, 85, 11, 32, 79, 90, 151, 20, 180, 144, 111, 71, 84, 13, 80, 55, 152, 188, 64, 39, 5, 148]",
      "size_of_graph": 200,
      "iteration": 3,
      "mutex": 0.2
   },
   {
      "Type": "sym",
      "type_of": "roul order",
      "time": 1000,
      "solution": 80498,
      "permutation": "[11, 122, 169, 17, 147, 22, 74, 24, 72, 86, 188, 194, 29, 41, 113, 140, 23, 69, 167, 9, 40, 146, 58, 26, 150, 114, 178, 159, 82, 126, 153, 3, 98, 56, 28, 187, 42, 7, 1, 52, 67, 85, 170, 197, 193, 13, 106, 33, 132, 101, 89, 25, 175, 176, 189, 172, 148, 199, 200, 66, 99, 80, 75, 165, 168, 70, 182, 154, 134, 38, 133, 152, 92, 118, 190, 179, 112, 36, 78, 79, 46, 10, 135, 53, 192, 177, 151, 125, 14, 136, 71, 131, 73, 37, 100, 162, 19, 54, 81, 115, 91, 8, 5, 149, 31, 83, 139, 121, 141, 124, 63, 183, 102, 120, 60, 186, 105, 166, 94, 4, 95, 34, 84, 156, 104, 144, 198, 163, 6, 128, 45, 195, 68, 174, 50, 61, 142, 123, 137, 32, 47, 164, 18, 59, 171, 55, 90, 62, 107, 130, 138, 15, 44, 43, 129, 108, 96, 39, 97, 49, 76, 2, 143, 77, 184, 12, 191, 88, 181, 180, 93, 161, 145, 30, 87, 185, 158, 173, 57, 35, 117, 103, 109, 48, 119, 111, 27, 157, 196, 116, 110, 64, 155, 127, 21, 16, 160, 20, 51, 65]",
      "size_of_graph": 200,
      "iteration": 4,
      "mutex": 0.3
   },
   {
      "Type": "sym",
      "type_of": "roul order",
      "time": 1000,
      "solution": 81952,
      "permutation": "[120, 167, 52, 21, 103, 156, 73, 129, 153, 25, 163, 111, 170, 74, 148, 198, 5, 29, 99, 171, 122, 125, 61, 121, 184, 142, 69, 50, 188, 196, 164, 47, 115, 140, 26, 16, 9, 200, 23, 108, 15, 84, 32, 27, 89, 90, 17, 85, 134, 197, 19, 66, 143, 127, 80, 151, 55, 191, 119, 56, 189, 141, 150, 22, 166, 100, 24, 194, 51, 59, 133, 3, 199, 77, 181, 102, 97, 43, 38, 58, 183, 113, 45, 112, 81, 105, 70, 173, 109, 83, 96, 114, 49, 165, 63, 176, 144, 104, 107, 37, 46, 193, 87, 1, 34, 10, 135, 126, 159, 177, 186, 18, 157, 162, 95, 118, 71, 14, 78, 110, 48, 60, 180, 75, 154, 72, 91, 132, 68, 35, 41, 106, 155, 54, 128, 131, 42, 161, 57, 169, 101, 4, 92, 44, 30, 33, 79, 28, 152, 137, 195, 124, 12, 76, 175, 139, 168, 64, 20, 62, 88, 187, 116, 158, 145, 190, 98, 65, 179, 2, 136, 86, 172, 67, 117, 82, 31, 185, 138, 130, 39, 146, 93, 149, 36, 160, 94, 182, 192, 8, 11, 174, 147, 7, 40, 13, 123, 6, 53, 178]",
      "size_of_graph": 200,
      "iteration": 5,
      "mutex": 0.5
   }
]