[
   {
      "Type": "sym",
      "type_of": "roul map",
      "time": 1000,
      "solution": 81923,
      "permutation": "[124, 37, 11, 182, 153, 12, 82, 198, 2, 96, 3, 129, 152, 74, 191, 94, 29, 174, 55, 54, 23, 19, 68, 156, 75, 10, 63, 128, 31, 173, 151, 127, 30, 102, 57, 158, 4, 199, 187, 105, 52, 93, 87, 78, 113, 160, 104, 180, 83, 64, 117, 35, 200, 79, 65, 38, 6, 18, 67, 48, 165, 21, 170, 175, 84, 183, 161, 150, 101, 28, 118, 61, 178, 171, 16, 196, 97, 163, 186, 119, 9, 72, 166, 15, 141, 20, 112, 53, 70, 50, 89, 134, 148, 120, 100, 114, 192, 144, 122, 125, 49, 146, 81, 8, 14, 98, 32, 24, 189, 77, 95, 195, 135, 136, 60, 26, 123, 56, 193, 45, 106, 143, 17, 103, 66, 179, 44, 86, 34, 88, 190, 159, 111, 137, 90, 99, 139, 58, 76, 157, 177, 41, 197, 181, 184, 168, 33, 130, 154, 22, 69, 188, 42, 80, 108, 13, 126, 132, 36, 138, 47, 109, 140, 7, 115, 121, 107, 43, 25, 167, 149, 46, 145, 71, 116, 142, 194, 62, 110, 51, 73, 1, 59, 5, 162, 40, 155, 185, 164, 147, 92, 131, 27, 85, 91, 39, 176, 172, 133, 169]",
      "size_of_graph": 200,
      "iteration": 3,
      "mutex": 0.05
   },
   {
      "Type": "sym",
      "type_of": "roul map",
      "time": 1000,
      "solution": 83376,
      "permutation": "[93, 140, 152, 22, 46, 169, 125, 117, 49, 96, 183, 14, 9, 164, 62, 31, 133, 98, 147, 163, 134, 161, 167, 58, 54, 173, 104, 160, 148, 1, 83, 123, 122, 144, 150, 124, 175, 86, 137, 182, 192, 128, 23, 76, 90, 51, 194, 28, 138, 132, 127, 190, 18, 60, 65, 166, 85, 82, 77, 198, 32, 100, 34, 13, 91, 40, 187, 87, 193, 88, 181, 16, 156, 68, 29, 47, 94, 53, 178, 79, 27, 67, 71, 21, 42, 52, 61, 5, 186, 197, 168, 131, 115, 136, 157, 170, 151, 110, 12, 196, 36, 11, 37, 108, 103, 48, 15, 75, 189, 111, 17, 179, 165, 69, 63, 84, 92, 41, 121, 30, 39, 184, 8, 158, 33, 118, 50, 73, 153, 99, 149, 114, 106, 126, 35, 6, 80, 113, 199, 66, 120, 185, 139, 146, 172, 4, 174, 155, 116, 78, 38, 19, 72, 200, 107, 2, 129, 101, 89, 188, 74, 26, 142, 10, 145, 3, 162, 55, 20, 171, 135, 143, 70, 25, 130, 180, 57, 59, 56, 112, 24, 159, 95, 7, 102, 191, 119, 64, 109, 154, 141, 176, 177, 45, 97, 44, 43, 105, 81, 195]",
      "size_of_graph": 200,
      "iteration": 3,
      "mutex": 0.1
   },
   {
      "Type": "sym",
      "type_of": "roul map",
      "time": 1000,
      "solution": 82561,
      "permutation": "[81, 51, 42, 18, 131, 44, 96, 13, 20, 171, 135, 88, 72, 86, 199, 99, 108, 129, 43, 47, 175, 109, 136, 64, 32, 168, 92, 66, 33, 5, 29, 65, 170, 157, 107, 9, 40, 124, 87, 98, 55, 148, 195, 106, 189, 46, 174, 132, 182, 35, 134, 76, 183, 128, 25, 179, 140, 110, 200, 196, 54, 90, 41, 127, 115, 28, 16, 122, 147, 93, 103, 70, 190, 1, 150, 39, 104, 37, 180, 166, 58, 11, 120, 62, 191, 56, 73, 137, 142, 31, 187, 69, 114, 77, 173, 186, 138, 91, 24, 53, 4, 116, 100, 123, 82, 101, 194, 3, 125, 15, 151, 7, 59, 178, 67, 118, 111, 144, 12, 45, 162, 21, 112, 83, 158, 27, 176, 161, 159, 184, 152, 197, 19, 185, 181, 126, 154, 141, 177, 26, 36, 89, 169, 188, 105, 71, 79, 121, 8, 2, 10, 52, 74, 155, 97, 102, 17, 133, 117, 192, 139, 22, 63, 153, 34, 75, 14, 172, 95, 48, 61, 78, 156, 68, 80, 146, 113, 119, 38, 165, 193, 30, 84, 49, 130, 94, 198, 60, 160, 167, 164, 143, 149, 50, 23, 85, 6, 145, 57, 163]",
      "size_of_graph": 200,
      "iteration": 3,
      "mutex": 0.2
   },
   {
      "Type": "sym",
      "type_of": "roul map",
      "time": 1000,
      "solution": 83658,
      "permutation": "[17, 58, 105, 198, 41, 86, 107, 110, 73, 187, 170, 165, 98, 163, 51, 66, 162, 175, 169, 4, 75, 85, 68, 64, 22, 96, 197, 141, 87, 114, 123, 127, 166, 103, 200, 104, 122, 191, 84, 157, 93, 173, 171, 20, 120, 136, 100, 154, 150, 70, 71, 159, 130, 63, 115, 44, 79, 57, 38, 81, 45, 43, 199, 25, 92, 88, 147, 196, 97, 77, 113, 184, 60, 54, 137, 111, 118, 186, 13, 6, 138, 117, 16, 161, 158, 129, 188, 31, 2, 172, 37, 26, 78, 29, 160, 8, 14, 177, 12, 181, 56, 148, 34, 140, 9, 65, 164, 40, 189, 18, 80, 89, 108, 168, 52, 95, 135, 126, 24, 182, 33, 151, 179, 194, 125, 7, 139, 112, 131, 180, 27, 36, 192, 193, 109, 146, 143, 55, 90, 119, 102, 42, 61, 142, 185, 195, 155, 1, 62, 67, 145, 50, 176, 47, 48, 30, 19, 144, 21, 167, 153, 11, 124, 39, 133, 128, 174, 83, 149, 72, 5, 76, 152, 49, 183, 106, 35, 28, 134, 53, 32, 82, 91, 178, 74, 121, 10, 15, 3, 116, 156, 23, 190, 132, 99, 69, 94, 101, 59, 46]",
      "size_of_graph": 200,
      "iteration": 2,
      "mutex": 0.3
   },
   {
      "Type": "sym",
      "type_of": "roul map",
      "time": 1000,
      "solution": 83567,
      "permutation": "[161, 71, 132, 63, 58, 134, 110, 104, 150, 190, 140, 34, 69, 183, 52, 114, 6, 195, 125, 42, 133, 163, 22, 27, 164, 10, 177, 112, 111, 14, 65, 38, 16, 75, 100, 145, 122, 46, 116, 2, 120, 21, 129, 26, 19, 96, 180, 109, 106, 174, 130, 13, 54, 98, 23, 12, 37, 43, 124, 141, 172, 17, 184, 8, 188, 171, 82, 9, 92, 66, 178, 155, 147, 55, 36, 135, 105, 115, 144, 168, 81, 84, 170, 102, 83, 193, 89, 41, 15, 142, 25, 169, 67, 157, 128, 86, 121, 99, 153, 181, 24, 199, 151, 97, 64, 194, 158, 80, 198, 91, 137, 95, 182, 189, 48, 117, 33, 138, 159, 143, 47, 35, 4, 152, 88, 191, 113, 76, 90, 146, 93, 53, 59, 61, 160, 72, 50, 85, 5, 32, 11, 165, 127, 123, 45, 162, 1, 28, 175, 29, 131, 118, 176, 192, 3, 149, 185, 78, 18, 197, 166, 196, 44, 126, 87, 187, 77, 167, 7, 156, 56, 136, 173, 200, 108, 39, 94, 107, 73, 74, 103, 119, 51, 40, 20, 70, 148, 49, 154, 62, 57, 79, 68, 139, 186, 31, 101, 30, 179, 60]",
      "size_of_graph": 200,
      "iteration": 2,
      "mutex": 0.5
   },
   {
      "Type": "sym",
      "type_of": "roul map",
      "time": 1000,
      "solution": 81821,
      "permutation": "[54, 1, 136, 18, 27, 66, 197, 30, 8, 57, 127, 184, 132, 131, 186, 166, 146, 98, 65, 140, 124, 104, 92, 25, 31, 33, 4, 21, 141, 3, 193, 108, 101, 79, 199, 173, 53, 135, 160, 73, 187, 80, 62, 196, 59, 26, 103, 2, 185, 60, 167, 171, 89, 194, 120, 190, 150, 48, 130, 163, 85, 155, 96, 61, 93, 134, 9, 77, 5, 46, 156, 154, 51, 138, 119, 47, 74, 153, 91, 110, 41, 172, 71, 148, 63, 178, 16, 176, 7, 86, 87, 70, 67, 42, 123, 113, 114, 177, 109, 102, 170, 64, 78, 84, 22, 49, 162, 122, 129, 126, 13, 32, 105, 139, 179, 29, 44, 40, 195, 137, 94, 192, 182, 6, 82, 75, 106, 58, 107, 55, 83, 168, 149, 19, 118, 35, 147, 52, 112, 43, 38, 164, 161, 143, 144, 128, 191, 100, 45, 76, 69, 34, 50, 165, 81, 145, 133, 125, 15, 20, 158, 11, 14, 174, 183, 36, 117, 121, 157, 99, 17, 169, 90, 88, 37, 68, 24, 111, 200, 97, 175, 72, 95, 180, 12, 159, 28, 189, 152, 23, 188, 142, 10, 116, 39, 198, 181, 56, 151, 115]",
      "size_of_graph": 200,
      "iteration": 3,
      "mutex": 0.05
   },
   {
      "Type": "sym",
      "type_of": "roul map",
      "time": 1000,
      "solution": 81090,
      "permutation": "[114, 162, 138, 198, 72, 6, 13, 165, 92, 119, 160, 120, 57, 189, 183, 56, 30, 172, 150, 53, 58, 20, 75, 37, 127, 140, 67, 85, 180, 17, 143, 64, 121, 135, 44, 5, 45, 14, 59, 73, 182, 105, 89, 111, 123, 116, 100, 147, 88, 115, 79, 7, 155, 184, 8, 107, 62, 63, 170, 167, 156, 133, 149, 187, 49, 81, 35, 193, 78, 122, 25, 134, 33, 102, 48, 154, 83, 112, 54, 124, 131, 15, 151, 195, 34, 171, 61, 77, 132, 80, 173, 70, 178, 109, 43, 23, 97, 141, 197, 192, 148, 145, 191, 146, 84, 32, 47, 10, 163, 12, 41, 11, 185, 139, 50, 136, 90, 161, 2, 152, 104, 18, 1, 95, 177, 31, 108, 186, 98, 158, 157, 26, 181, 24, 22, 87, 9, 196, 126, 93, 169, 42, 110, 164, 3, 142, 27, 19, 94, 86, 101, 65, 4, 29, 99, 118, 16, 125, 46, 74, 130, 39, 179, 199, 117, 76, 137, 82, 168, 159, 51, 66, 55, 174, 194, 68, 128, 52, 175, 190, 28, 129, 38, 40, 71, 166, 21, 103, 153, 188, 200, 144, 176, 60, 96, 106, 113, 91, 36, 69]",
      "size_of_graph": 200,
      "iteration": 3,
      "mutex": 0.1
   },
   {
      "Type": "sym",
      "type_of": "roul map",
      "time": 1000,
      "solution": 78638,
      "permutation": "[105, 17, 19, 8, 147, 88, 16, 130, 33, 5, 138, 75, 170, 23, 62, 186, 55, 59, 190, 177, 35, 81, 103, 145, 4, 181, 106, 9, 195, 77, 129, 157, 51, 27, 13, 144, 82, 199, 61, 94, 72, 174, 20, 53, 127, 182, 168, 67, 151, 113, 99, 178, 135, 86, 188, 66, 192, 40, 91, 176, 160, 49, 92, 169, 118, 14, 185, 131, 64, 100, 156, 6, 15, 150, 96, 34, 155, 196, 2, 175, 137, 7, 65, 18, 54, 1, 89, 80, 140, 84, 56, 171, 136, 48, 46, 122, 97, 194, 141, 21, 31, 173, 126, 71, 12, 184, 69, 114, 111, 85, 57, 149, 187, 117, 116, 123, 90, 133, 60, 109, 200, 47, 3, 38, 68, 124, 36, 11, 101, 74, 120, 93, 32, 193, 41, 107, 79, 152, 73, 125, 119, 115, 128, 191, 148, 197, 87, 162, 189, 76, 179, 110, 44, 121, 58, 143, 154, 29, 159, 52, 153, 30, 132, 26, 37, 104, 165, 166, 10, 112, 42, 43, 108, 45, 183, 70, 164, 24, 63, 98, 161, 172, 198, 142, 28, 180, 102, 163, 25, 134, 78, 139, 50, 95, 22, 83, 146, 39, 158, 167]",
      "size_of_graph": 200,
      "iteration": 3,
      "mutex": 0.2
   },
   {
      "Type": "sym",
      "type_of": "roul map",
      "time": 1000,
      "solution": 80230,
      "permutation": "[171, 56, 195, 7, 166, 35, 50, 130, 145, 105, 20, 153, 137, 184, 40, 191, 168, 9, 91, 158, 8, 199, 38, 89, 61, 102, 108, 49, 70, 129, 185, 48, 11, 43, 167, 175, 31, 146, 122, 21, 44, 118, 93, 10, 58, 144, 152, 187, 18, 107, 193, 53, 114, 151, 157, 143, 140, 84, 104, 99, 111, 155, 62, 23, 154, 103, 26, 176, 45, 169, 82, 2, 36, 124, 30, 179, 97, 90, 106, 190, 6, 54, 186, 136, 109, 101, 131, 42, 75, 161, 172, 37, 76, 16, 120, 71, 17, 147, 183, 86, 121, 127, 46, 65, 69, 51, 22, 134, 68, 189, 148, 27, 113, 173, 159, 135, 59, 142, 132, 162, 133, 197, 125, 72, 63, 188, 81, 200, 32, 165, 138, 180, 116, 77, 149, 141, 73, 15, 192, 1, 33, 98, 100, 88, 119, 34, 5, 13, 139, 126, 67, 41, 181, 156, 163, 3, 78, 115, 182, 47, 170, 14, 24, 87, 80, 95, 128, 160, 112, 177, 39, 79, 198, 28, 55, 66, 74, 194, 60, 4, 178, 85, 83, 110, 25, 123, 64, 117, 92, 174, 12, 96, 164, 196, 19, 57, 29, 150, 94, 52]",
      "size_of_graph": 200,
      "iteration": 3,
      "mutex": 0.3
   },
   {
      "Type": "sym",
      "type_of": "roul map",
      "time": 1000,
      "solution": 83043,
      "permutation": "[12, 39, 44, 90, 127, 144, 128, 159, 161, 113, 107, 63, 198, 29, 79, 35, 111, 99, 5, 180, 7, 19, 182, 2, 10, 82, 18, 61, 95, 177, 146, 13, 71, 200, 34, 47, 121, 165, 58, 67, 54, 178, 143, 136, 4, 98, 80, 77, 188, 162, 87, 86, 109, 126, 150, 115, 21, 59, 55, 192, 124, 168, 156, 195, 53, 96, 191, 142, 88, 154, 45, 78, 199, 155, 3, 6, 140, 9, 104, 133, 172, 100, 139, 11, 50, 26, 20, 187, 176, 43, 52, 8, 83, 30, 179, 173, 137, 57, 132, 38, 117, 16, 114, 164, 194, 37, 36, 157, 41, 153, 17, 85, 151, 197, 147, 70, 75, 62, 193, 69, 196, 46, 108, 27, 129, 106, 60, 15, 31, 175, 116, 138, 22, 51, 40, 160, 101, 76, 68, 91, 105, 122, 181, 24, 1, 66, 72, 56, 123, 131, 130, 93, 141, 23, 103, 158, 102, 174, 184, 171, 190, 169, 84, 186, 25, 74, 166, 65, 135, 134, 170, 49, 97, 185, 48, 149, 89, 28, 112, 167, 183, 14, 64, 118, 152, 73, 81, 32, 189, 120, 119, 33, 42, 148, 163, 110, 94, 125, 92, 145]",
      "size_of_graph": 200,
      "iteration": 3,
      "mutex": 0.5
   },
   {
      "Type": "sym",
      "type_of": "roul map",
      "time": 1000,
      "solution": 83573,
      "permutation": "[89, 47, 122, 9, 164, 17, 31, 92, 102, 123, 187, 101, 79, 52, 129, 72, 162, 38, 22, 153, 37, 157, 91, 94, 115, 175, 59, 21, 83, 85, 109, 178, 57, 199, 98, 2, 168, 12, 176, 150, 185, 11, 63, 44, 61, 90, 4, 159, 125, 166, 7, 51, 19, 69, 6, 93, 110, 106, 60, 58, 167, 156, 171, 113, 128, 74, 48, 43, 198, 86, 5, 49, 23, 180, 116, 114, 39, 95, 55, 88, 112, 100, 145, 119, 36, 118, 154, 121, 34, 200, 144, 133, 46, 108, 53, 135, 181, 14, 75, 143, 10, 50, 30, 78, 141, 18, 107, 13, 148, 196, 81, 105, 158, 26, 147, 82, 67, 40, 139, 151, 16, 54, 56, 76, 132, 195, 165, 65, 155, 152, 97, 136, 33, 35, 169, 29, 177, 191, 140, 184, 194, 32, 62, 183, 80, 190, 170, 84, 41, 24, 182, 193, 188, 197, 186, 192, 77, 146, 134, 42, 71, 27, 160, 130, 73, 15, 142, 3, 163, 66, 117, 131, 8, 28, 174, 20, 25, 173, 99, 103, 104, 120, 137, 189, 149, 1, 127, 172, 45, 161, 96, 87, 70, 111, 179, 124, 68, 64, 138, 126]",
      "size_of_graph": 200,
      "iteration": 3,
      "mutex": 0.05
   },
   {
      "Type": "sym",
      "type_of": "roul map",
      "time": 1000,
      "solution": 81401,
      "permutation": "[108, 157, 124, 135, 193, 177, 94, 155, 36, 185, 161, 116, 175, 166, 156, 56, 13, 118, 63, 170, 125, 2, 76, 163, 196, 84, 128, 134, 167, 82, 137, 122, 200, 30, 37, 191, 148, 188, 183, 52, 114, 17, 129, 142, 42, 93, 138, 98, 47, 182, 171, 189, 49, 44, 38, 102, 92, 21, 35, 3, 55, 186, 1, 195, 41, 121, 74, 61, 173, 106, 132, 18, 15, 69, 164, 194, 131, 159, 168, 100, 130, 20, 180, 136, 144, 48, 27, 65, 107, 34, 79, 111, 75, 109, 78, 19, 71, 25, 101, 104, 199, 73, 88, 7, 14, 57, 9, 83, 59, 95, 158, 120, 187, 10, 162, 190, 127, 113, 50, 150, 172, 12, 89, 6, 99, 45, 5, 141, 112, 33, 23, 139, 86, 26, 54, 181, 85, 43, 160, 64, 96, 77, 153, 133, 68, 60, 22, 51, 184, 192, 154, 32, 178, 67, 11, 151, 117, 31, 146, 90, 145, 58, 91, 24, 123, 46, 97, 197, 174, 16, 8, 143, 40, 115, 165, 28, 70, 87, 29, 169, 53, 147, 4, 119, 66, 140, 72, 126, 198, 103, 39, 176, 80, 81, 152, 62, 179, 149, 105, 110]",
      "size_of_graph": 200,
      "iteration": 3,
      "mutex": 0.1
   },
   {
      "Type": "sym",
      "type_of": "roul map",
      "time": 1000,
      "solution": 82710,
      "permutation": "[7, 54, 79, 192, 23, 153, 135, 82, 27, 72, 122, 137, 75, 154, 103, 163, 191, 152, 38, 128, 113, 199, 36, 130, 41, 110, 133, 176, 70, 104, 61, 32, 6, 144, 19, 29, 141, 11, 39, 193, 15, 98, 25, 50, 102, 107, 138, 125, 8, 105, 116, 52, 83, 30, 1, 5, 35, 97, 66, 189, 119, 108, 158, 78, 142, 149, 88, 81, 13, 150, 60, 49, 185, 26, 20, 195, 53, 188, 162, 159, 200, 161, 17, 48, 196, 126, 160, 80, 178, 28, 37, 132, 115, 139, 85, 22, 76, 168, 14, 86, 2, 179, 186, 184, 4, 89, 84, 34, 164, 42, 100, 198, 101, 157, 131, 187, 147, 90, 93, 165, 134, 111, 117, 143, 112, 177, 181, 197, 127, 166, 123, 151, 65, 56, 87, 114, 145, 10, 109, 174, 46, 33, 67, 55, 99, 45, 44, 155, 74, 64, 62, 63, 18, 124, 120, 69, 136, 146, 180, 43, 169, 16, 175, 118, 24, 77, 12, 148, 173, 121, 21, 190, 91, 172, 171, 68, 96, 47, 94, 57, 182, 59, 3, 156, 92, 31, 167, 140, 106, 40, 51, 95, 58, 170, 71, 194, 183, 73, 129, 9]",
      "size_of_graph": 200,
      "iteration": 3,
      "mutex": 0.2
   },
   {
      "Type": "sym",
      "type_of": "roul map",
      "time": 1000,
      "solution": 81421,
      "permutation": "[151, 135, 175, 104, 182, 152, 195, 128, 200, 66, 25, 186, 168, 67, 11, 187, 87, 146, 109, 23, 3, 32, 117, 193, 12, 29, 16, 36, 42, 58, 15, 44, 143, 144, 74, 166, 26, 56, 111, 18, 130, 149, 80, 171, 27, 24, 116, 47, 81, 5, 145, 155, 173, 113, 52, 73, 51, 100, 198, 106, 194, 105, 10, 141, 46, 174, 6, 92, 4, 45, 17, 102, 63, 129, 114, 133, 22, 121, 84, 34, 126, 96, 162, 37, 53, 134, 181, 125, 82, 69, 118, 150, 62, 179, 153, 55, 158, 21, 127, 50, 9, 64, 88, 163, 123, 142, 176, 94, 48, 164, 85, 60, 83, 78, 90, 99, 61, 95, 192, 183, 41, 57, 93, 122, 170, 76, 136, 108, 184, 72, 97, 196, 86, 159, 138, 43, 39, 190, 120, 31, 54, 161, 30, 140, 13, 35, 137, 199, 160, 91, 65, 189, 28, 1, 89, 19, 38, 98, 75, 71, 180, 154, 112, 167, 68, 188, 197, 191, 177, 20, 79, 7, 156, 40, 107, 147, 131, 77, 124, 59, 115, 70, 8, 178, 33, 49, 157, 148, 185, 172, 119, 2, 110, 101, 132, 169, 14, 103, 139, 165]",
      "size_of_graph": 200,
      "iteration": 5,
      "mutex": 0.3
   },
   {
      "Type": "sym",
      "type_of": "roul map",
      "time": 1000,
      "solution": 81329,
      "permutation": "[116, 123, 162, 3, 21, 51, 124, 12, 156, 154, 49, 78, 192, 134, 133, 166, 80, 31, 158, 118, 197, 198, 120, 4, 84, 145, 86, 74, 66, 96, 148, 187, 95, 173, 30, 190, 50, 140, 29, 35, 93, 34, 136, 107, 15, 20, 75, 194, 200, 170, 193, 24, 153, 98, 68, 64, 77, 100, 22, 121, 191, 163, 32, 8, 184, 186, 101, 141, 137, 55, 143, 114, 45, 172, 127, 151, 36, 16, 185, 157, 195, 17, 144, 115, 28, 27, 159, 79, 177, 160, 73, 178, 61, 175, 56, 81, 130, 129, 53, 139, 87, 176, 69, 52, 189, 199, 182, 180, 9, 47, 161, 174, 111, 128, 62, 63, 138, 179, 44, 89, 67, 38, 11, 83, 13, 165, 14, 132, 113, 110, 43, 57, 135, 37, 108, 103, 76, 10, 181, 65, 72, 54, 46, 106, 147, 59, 183, 48, 167, 40, 97, 85, 150, 142, 99, 26, 131, 19, 41, 102, 1, 58, 188, 25, 164, 23, 109, 82, 122, 6, 88, 112, 125, 5, 168, 91, 92, 90, 117, 7, 71, 70, 126, 105, 169, 149, 152, 18, 42, 104, 94, 155, 196, 171, 60, 33, 2, 39, 146, 119]",
      "size_of_graph": 200,
      "iteration": 6,
      "mutex": 0.5
   }
]