[
   {
      "Type": "sym",
      "type_of": "tour order",
      "time": 1000,
      "solution": 61902,
      "permutation": "[29, 85, 110, 139, 1, 105, 183, 59, 78, 63, 18, 74, 154, 129, 75, 51, 130, 181, 150, 28, 118, 178, 171, 163, 119, 72, 166, 141, 20, 112, 70, 89, 35, 161, 192, 99, 145, 82, 84, 41, 136, 22, 77, 193, 109, 177, 124, 38, 54, 52, 4, 133, 37, 13, 127, 12, 194, 7, 66, 69, 73, 6, 115, 76, 148, 9, 200, 101, 62, 71, 98, 16, 147, 174, 14, 149, 158, 95, 91, 49, 169, 21, 195, 97, 123, 146, 61, 25, 153, 165, 15, 40, 19, 60, 11, 55, 90, 121, 197, 155, 31, 170, 186, 46, 57, 199, 173, 143, 64, 179, 107, 157, 65, 87, 79, 39, 182, 24, 33, 103, 2, 10, 111, 116, 117, 94, 104, 175, 188, 108, 36, 131, 27, 191, 83, 156, 58, 140, 23, 126, 102, 162, 198, 172, 43, 167, 3, 132, 67, 48, 34, 86, 44, 106, 45, 56, 26, 189, 32, 81, 125, 122, 114, 120, 134, 196, 137, 184, 135, 151, 160, 53, 152, 17, 144, 142, 159, 164, 5, 180, 47, 88, 8, 113, 92, 138, 96, 190, 128, 50, 100, 68, 176, 42, 80, 93, 185, 30, 168, 187]",
      "size_of_graph": 200,
      "iteration": 20,
      "mutex": 0.05
   },
   {
      "Type": "sym",
      "type_of": "tour order",
      "time": 1000,
      "solution": 63745,
      "permutation": "[25, 197, 102, 106, 195, 73, 95, 194, 134, 178, 153, 169, 152, 147, 141, 48, 75, 99, 92, 96, 90, 43, 1, 196, 166, 151, 4, 89, 30, 41, 191, 5, 61, 190, 17, 139, 143, 162, 15, 175, 57, 168, 172, 101, 107, 79, 83, 163, 144, 80, 7, 42, 23, 154, 76, 8, 137, 136, 161, 66, 44, 34, 97, 36, 181, 52, 142, 123, 189, 108, 22, 93, 32, 39, 55, 140, 184, 149, 127, 49, 198, 16, 125, 21, 131, 122, 192, 63, 11, 115, 47, 173, 72, 12, 156, 130, 129, 135, 28, 88, 86, 145, 148, 35, 82, 87, 78, 138, 150, 14, 26, 20, 50, 117, 2, 64, 59, 69, 103, 77, 98, 159, 18, 165, 56, 68, 58, 13, 158, 120, 176, 112, 128, 146, 45, 81, 177, 67, 29, 71, 62, 109, 60, 182, 105, 180, 132, 114, 167, 40, 70, 124, 164, 53, 84, 179, 116, 155, 119, 94, 85, 10, 24, 126, 38, 33, 91, 65, 27, 160, 74, 104, 171, 37, 174, 185, 19, 118, 200, 188, 183, 54, 3, 193, 100, 187, 110, 157, 199, 46, 133, 111, 113, 6, 51, 170, 31, 9, 121, 186]",
      "size_of_graph": 200,
      "iteration": 21,
      "mutex": 0.1
   },
   {
      "Type": "sym",
      "type_of": "tour order",
      "time": 1000,
      "solution": 61758,
      "permutation": "[143, 59, 183, 153, 41, 193, 25, 122, 79, 186, 77, 129, 76, 85, 177, 63, 132, 50, 33, 101, 157, 12, 187, 69, 140, 116, 10, 134, 158, 98, 115, 168, 176, 107, 75, 100, 113, 80, 103, 16, 48, 156, 185, 71, 66, 136, 146, 19, 39, 49, 200, 128, 166, 35, 26, 92, 5, 72, 21, 65, 28, 189, 126, 170, 96, 109, 169, 87, 120, 174, 74, 18, 141, 97, 172, 197, 184, 61, 8, 110, 24, 29, 46, 131, 133, 7, 51, 94, 42, 88, 155, 188, 3, 1, 68, 180, 182, 105, 15, 83, 60, 173, 81, 111, 99, 30, 13, 52, 31, 125, 11, 43, 196, 195, 164, 6, 58, 89, 194, 150, 56, 138, 190, 108, 152, 121, 124, 62, 167, 91, 4, 47, 165, 181, 104, 119, 2, 44, 149, 54, 144, 127, 154, 118, 123, 95, 9, 142, 90, 106, 160, 64, 14, 36, 34, 148, 55, 139, 117, 70, 114, 163, 84, 191, 161, 82, 78, 112, 17, 27, 73, 86, 151, 178, 37, 147, 67, 38, 23, 102, 175, 45, 22, 40, 137, 171, 199, 130, 198, 57, 145, 53, 192, 135, 93, 32, 179, 20, 159, 162]",
      "size_of_graph": 200,
      "iteration": 22,
      "mutex": 0.2
   },
   {
      "Type": "sym",
      "type_of": "tour order",
      "time": 1000,
      "solution": 60830,
      "permutation": "[31, 81, 110, 14, 17, 47, 19, 51, 185, 53, 193, 134, 71, 121, 196, 166, 74, 33, 35, 73, 179, 16, 95, 4, 52, 118, 45, 65, 91, 10, 161, 37, 194, 76, 139, 186, 191, 164, 138, 178, 129, 174, 28, 56, 8, 105, 147, 34, 153, 86, 79, 143, 158, 83, 117, 149, 124, 125, 40, 157, 123, 180, 200, 171, 38, 114, 44, 137, 94, 182, 82, 75, 107, 168, 98, 23, 122, 162, 22, 84, 64, 170, 109, 177, 189, 15, 50, 43, 141, 127, 97, 59, 5, 128, 148, 87, 68, 176, 12, 169, 163, 132, 197, 58, 21, 13, 6, 99, 80, 3, 184, 96, 119, 152, 49, 55, 126, 11, 106, 89, 130, 195, 116, 145, 173, 18, 187, 9, 30, 199, 78, 29, 172, 108, 102, 190, 140, 192, 85, 1, 154, 159, 27, 151, 165, 188, 72, 155, 70, 46, 41, 100, 25, 92, 111, 61, 63, 88, 142, 66, 24, 42, 90, 135, 115, 67, 181, 103, 167, 48, 120, 20, 32, 112, 136, 150, 175, 183, 156, 160, 93, 2, 39, 26, 54, 69, 62, 36, 131, 60, 7, 198, 146, 113, 144, 133, 77, 104, 101, 57]",
      "size_of_graph": 200,
      "iteration": 17,
      "mutex": 0.3
   },
   {
      "Type": "sym",
      "type_of": "tour order",
      "time": 1000,
      "solution": 62083,
      "permutation": "[101, 35, 51, 80, 14, 193, 125, 171, 97, 135, 88, 183, 149, 145, 143, 139, 127, 92, 192, 70, 199, 16, 18, 113, 15, 58, 175, 159, 12, 41, 25, 186, 22, 138, 91, 185, 65, 122, 30, 90, 61, 77, 131, 100, 180, 132, 154, 112, 43, 46, 151, 115, 47, 182, 104, 62, 117, 160, 150, 124, 172, 48, 52, 79, 86, 133, 84, 68, 66, 140, 24, 32, 40, 29, 96, 76, 164, 167, 7, 98, 8, 78, 44, 23, 190, 75, 146, 19, 152, 73, 67, 194, 33, 31, 3, 147, 10, 9, 168, 163, 36, 137, 94, 95, 109, 39, 89, 42, 178, 118, 45, 53, 74, 169, 142, 63, 176, 157, 11, 141, 13, 50, 158, 2, 111, 191, 129, 99, 177, 38, 110, 162, 114, 1, 56, 106, 71, 20, 136, 4, 69, 165, 59, 26, 116, 128, 148, 187, 6, 184, 85, 49, 198, 179, 121, 174, 134, 37, 27, 107, 195, 120, 57, 64, 54, 5, 170, 153, 197, 87, 72, 103, 102, 166, 196, 17, 161, 55, 81, 181, 123, 126, 108, 93, 130, 119, 34, 82, 200, 21, 83, 105, 173, 155, 189, 156, 60, 28, 188, 144]",
      "size_of_graph": 200,
      "iteration": 17,
      "mutex": 0.5
   },
   {
      "Type": "sym",
      "type_of": "tour order",
      "time": 1000,
      "solution": 64244,
      "permutation": "[13, 169, 46, 33, 151, 11, 97, 197, 76, 199, 78, 70, 129, 165, 49, 8, 21, 58, 149, 147, 47, 107, 160, 121, 84, 123, 193, 34, 135, 50, 119, 5, 95, 137, 187, 80, 115, 57, 154, 172, 122, 105, 20, 178, 53, 158, 65, 120, 15, 91, 60, 200, 2, 38, 117, 59, 103, 35, 99, 156, 141, 27, 164, 133, 153, 186, 40, 150, 63, 55, 79, 41, 179, 148, 163, 82, 166, 54, 98, 56, 14, 110, 1, 3, 173, 51, 194, 126, 64, 29, 134, 93, 44, 28, 180, 196, 138, 182, 74, 10, 140, 170, 139, 108, 4, 128, 83, 142, 88, 127, 26, 106, 198, 71, 75, 114, 67, 191, 168, 89, 118, 9, 143, 109, 183, 66, 124, 96, 92, 72, 111, 131, 81, 100, 176, 102, 43, 62, 146, 30, 68, 171, 7, 145, 73, 69, 167, 94, 45, 36, 32, 17, 48, 86, 181, 77, 136, 61, 22, 174, 12, 125, 152, 42, 6, 116, 155, 39, 31, 190, 101, 16, 188, 189, 104, 37, 161, 185, 18, 19, 177, 112, 90, 130, 85, 157, 113, 25, 144, 162, 195, 24, 132, 87, 175, 23, 184, 159, 192, 52]",
      "size_of_graph": 200,
      "iteration": 20,
      "mutex": 0.05
   },
   {
      "Type": "sym",
      "type_of": "tour order",
      "time": 1000,
      "solution": 62686,
      "permutation": "[54, 76, 170, 52, 159, 147, 98, 110, 34, 193, 50, 33, 176, 74, 39, 166, 7, 16, 42, 32, 65, 158, 36, 157, 173, 101, 123, 95, 164, 127, 77, 91, 124, 63, 97, 55, 194, 183, 150, 5, 72, 148, 68, 144, 116, 17, 9, 71, 27, 59, 40, 146, 64, 180, 196, 51, 24, 190, 23, 56, 191, 177, 192, 143, 37, 44, 156, 70, 78, 149, 99, 30, 114, 53, 160, 139, 129, 18, 179, 112, 75, 84, 142, 35, 167, 161, 19, 122, 153, 83, 107, 163, 80, 96, 58, 162, 20, 47, 87, 128, 198, 120, 38, 92, 26, 57, 94, 48, 28, 131, 125, 105, 155, 6, 171, 61, 187, 25, 133, 103, 138, 90, 13, 197, 104, 172, 184, 41, 135, 145, 165, 136, 141, 22, 1, 73, 31, 81, 175, 108, 154, 62, 134, 199, 152, 132, 66, 89, 188, 86, 43, 8, 14, 195, 88, 12, 178, 115, 186, 11, 67, 3, 182, 109, 130, 121, 85, 49, 100, 82, 181, 29, 119, 111, 137, 4, 21, 189, 168, 45, 106, 200, 15, 169, 151, 60, 118, 93, 102, 79, 2, 10, 126, 46, 174, 185, 69, 113, 140, 117]",
      "size_of_graph": 200,
      "iteration": 19,
      "mutex": 0.1
   },
   {
      "Type": "sym",
      "type_of": "tour order",
      "time": 1000,
      "solution": 59960,
      "permutation": "[161, 123, 24, 114, 75, 107, 76, 98, 43, 44, 82, 35, 170, 186, 63, 199, 83, 169, 100, 154, 16, 151, 68, 4, 126, 84, 178, 67, 50, 46, 9, 196, 190, 101, 129, 12, 142, 116, 96, 39, 113, 72, 124, 38, 104, 55, 108, 164, 193, 198, 132, 183, 144, 62, 2, 92, 7, 65, 70, 192, 23, 37, 57, 173, 105, 175, 31, 60, 143, 74, 54, 69, 131, 152, 58, 51, 15, 185, 137, 191, 17, 49, 45, 179, 64, 29, 145, 5, 111, 109, 138, 78, 135, 134, 117, 177, 125, 13, 150, 25, 52, 88, 146, 20, 157, 33, 128, 18, 148, 41, 97, 197, 155, 159, 89, 118, 19, 6, 133, 122, 1, 36, 28, 165, 147, 162, 53, 153, 112, 3, 110, 120, 14, 195, 130, 42, 95, 180, 94, 163, 184, 189, 48, 87, 73, 27, 176, 127, 80, 140, 21, 188, 93, 160, 136, 106, 85, 61, 81, 121, 30, 156, 168, 32, 90, 66, 187, 158, 103, 102, 77, 91, 200, 174, 167, 59, 8, 79, 194, 40, 115, 119, 171, 166, 149, 139, 22, 172, 182, 71, 141, 56, 10, 26, 181, 11, 99, 34, 86, 47]",
      "size_of_graph": 200,
      "iteration": 20,
      "mutex": 0.2
   },
   {
      "Type": "sym",
      "type_of": "tour order",
      "time": 1000,
      "solution": 59538,
      "permutation": "[14, 40, 159, 200, 71, 76, 199, 12, 66, 79, 84, 195, 81, 121, 143, 93, 188, 183, 182, 177, 17, 60, 7, 154, 91, 115, 193, 11, 145, 30, 69, 63, 169, 103, 136, 2, 134, 107, 8, 97, 149, 198, 146, 25, 109, 75, 28, 45, 106, 187, 117, 128, 85, 88, 118, 141, 137, 174, 50, 181, 178, 99, 179, 192, 160, 175, 72, 105, 191, 31, 26, 51, 94, 82, 156, 120, 32, 3, 155, 168, 127, 132, 130, 153, 68, 196, 101, 65, 113, 57, 54, 139, 89, 44, 114, 180, 98, 194, 67, 1, 56, 80, 95, 18, 59, 5, 24, 41, 38, 49, 52, 16, 42, 13, 157, 144, 170, 148, 161, 74, 110, 29, 96, 165, 64, 22, 100, 125, 124, 9, 70, 6, 190, 112, 39, 53, 152, 20, 102, 77, 197, 173, 119, 111, 150, 158, 4, 172, 58, 126, 147, 83, 116, 92, 21, 122, 142, 135, 162, 61, 104, 131, 123, 36, 140, 46, 133, 164, 35, 48, 87, 166, 108, 129, 43, 78, 15, 138, 186, 19, 62, 90, 55, 171, 163, 184, 151, 33, 167, 10, 37, 47, 34, 185, 73, 189, 176, 27, 86, 23]",
      "size_of_graph": 200,
      "iteration": 19,
      "mutex": 0.3
   },
   {
      "Type": "sym",
      "type_of": "tour order",
      "time": 1000,
      "solution": 61697,
      "permutation": "[157, 61, 35, 170, 151, 152, 59, 97, 105, 50, 198, 188, 133, 176, 186, 83, 40, 33, 68, 92, 191, 65, 75, 76, 162, 60, 11, 2, 66, 200, 100, 25, 185, 199, 38, 101, 178, 87, 44, 163, 74, 45, 30, 195, 184, 126, 106, 28, 23, 175, 103, 196, 166, 95, 8, 169, 124, 84, 125, 47, 70, 159, 112, 189, 104, 34, 82, 91, 37, 161, 167, 143, 187, 138, 79, 86, 110, 88, 5, 165, 78, 3, 1, 156, 118, 32, 142, 174, 39, 160, 171, 27, 194, 147, 77, 31, 197, 122, 94, 17, 22, 164, 18, 6, 117, 89, 85, 121, 109, 12, 90, 54, 73, 53, 130, 168, 172, 98, 42, 14, 63, 26, 93, 96, 153, 19, 49, 99, 179, 36, 56, 137, 51, 120, 111, 127, 81, 71, 182, 10, 116, 15, 80, 7, 58, 146, 129, 135, 193, 72, 155, 13, 145, 119, 180, 115, 43, 102, 20, 148, 41, 140, 149, 67, 48, 21, 64, 9, 24, 134, 183, 69, 52, 181, 123, 131, 136, 154, 113, 192, 150, 62, 144, 57, 46, 16, 4, 114, 141, 190, 128, 55, 139, 173, 132, 107, 29, 158, 177, 108]",
      "size_of_graph": 200,
      "iteration": 19,
      "mutex": 0.5
   },
   {
      "Type": "sym",
      "type_of": "tour order",
      "time": 1000,
      "solution": 59852,
      "permutation": "[165, 121, 44, 5, 68, 125, 116, 54, 91, 6, 127, 80, 8, 39, 118, 41, 9, 20, 134, 15, 197, 144, 168, 98, 152, 114, 172, 66, 169, 57, 181, 21, 77, 179, 13, 178, 133, 71, 55, 69, 182, 78, 31, 40, 154, 34, 173, 176, 196, 180, 193, 111, 164, 63, 143, 167, 38, 50, 174, 14, 199, 17, 124, 72, 4, 18, 146, 12, 123, 171, 166, 148, 28, 2, 141, 25, 36, 132, 137, 157, 87, 149, 162, 32, 22, 45, 53, 76, 106, 23, 37, 135, 109, 30, 85, 120, 86, 160, 73, 104, 131, 82, 126, 100, 129, 35, 16, 60, 145, 113, 93, 99, 128, 194, 58, 1, 56, 192, 95, 47, 155, 130, 74, 64, 142, 11, 83, 101, 59, 24, 186, 200, 108, 61, 187, 191, 29, 136, 161, 153, 103, 138, 89, 62, 65, 88, 185, 198, 51, 94, 177, 90, 175, 105, 96, 159, 102, 122, 48, 42, 139, 107, 183, 26, 184, 112, 97, 156, 3, 67, 189, 195, 150, 70, 7, 49, 92, 84, 27, 43, 188, 52, 190, 158, 140, 33, 79, 46, 115, 119, 19, 147, 81, 163, 117, 151, 170, 110, 75, 10]",
      "size_of_graph": 200,
      "iteration": 23,
      "mutex": 0.05
   },
   {
      "Type": "sym",
      "type_of": "tour order",
      "time": 1000,
      "solution": 60319,
      "permutation": "[91, 107, 46, 148, 170, 80, 125, 168, 52, 123, 162, 87, 134, 149, 79, 133, 12, 183, 78, 19, 196, 28, 188, 82, 14, 36, 56, 103, 69, 86, 171, 32, 88, 143, 146, 13, 90, 6, 157, 176, 147, 16, 76, 48, 61, 5, 115, 40, 1, 30, 54, 24, 51, 198, 110, 174, 169, 150, 108, 55, 182, 47, 154, 122, 65, 38, 44, 10, 29, 7, 161, 37, 142, 151, 160, 97, 173, 8, 181, 99, 96, 93, 77, 27, 109, 45, 113, 193, 81, 94, 53, 70, 111, 194, 89, 101, 39, 141, 21, 34, 199, 136, 180, 23, 57, 175, 104, 164, 185, 116, 186, 158, 172, 189, 130, 120, 26, 95, 121, 152, 119, 4, 72, 92, 145, 129, 18, 153, 144, 42, 22, 191, 62, 118, 35, 114, 138, 85, 131, 74, 20, 197, 2, 75, 126, 66, 124, 59, 135, 117, 177, 50, 159, 60, 156, 195, 137, 128, 71, 184, 127, 84, 155, 112, 41, 165, 106, 98, 166, 63, 83, 73, 132, 68, 100, 15, 9, 192, 25, 64, 33, 167, 102, 67, 43, 11, 3, 200, 187, 49, 105, 58, 31, 178, 163, 140, 190, 17, 139, 179]",
      "size_of_graph": 200,
      "iteration": 23,
      "mutex": 0.1
   },
   {
      "Type": "sym",
      "type_of": "tour order",
      "time": 1000,
      "solution": 54845,
      "permutation": "[33, 129, 197, 186, 114, 15, 135, 121, 163, 14, 194, 67, 60, 17, 111, 35, 93, 12, 84, 116, 199, 59, 42, 87, 107, 21, 48, 123, 181, 178, 144, 58, 150, 142, 37, 109, 193, 52, 157, 16, 56, 23, 117, 97, 133, 77, 6, 45, 187, 196, 54, 126, 24, 61, 130, 155, 165, 184, 147, 170, 72, 138, 31, 26, 95, 192, 188, 96, 125, 19, 76, 46, 169, 141, 3, 4, 105, 47, 70, 11, 88, 2, 110, 179, 7, 113, 86, 127, 168, 167, 191, 75, 195, 137, 189, 104, 145, 79, 164, 172, 27, 68, 81, 120, 119, 29, 131, 28, 82, 25, 63, 124, 183, 74, 80, 65, 182, 40, 94, 57, 174, 36, 32, 90, 9, 10, 44, 118, 158, 22, 38, 55, 176, 173, 143, 160, 64, 152, 149, 134, 99, 139, 153, 53, 5, 73, 162, 122, 101, 166, 43, 51, 106, 78, 198, 92, 69, 100, 185, 66, 200, 108, 49, 112, 41, 140, 146, 71, 50, 180, 103, 156, 18, 8, 83, 85, 177, 136, 159, 20, 102, 151, 62, 1, 154, 98, 161, 148, 89, 171, 34, 115, 13, 175, 132, 190, 128, 39, 30, 91]",
      "size_of_graph": 200,
      "iteration": 22,
      "mutex": 0.2
   },
   {
      "Type": "sym",
      "type_of": "tour order",
      "time": 1000,
      "solution": 58687,
      "permutation": "[30, 70, 150, 28, 14, 122, 155, 12, 43, 134, 73, 80, 75, 1, 146, 62, 48, 107, 49, 20, 141, 149, 77, 78, 76, 163, 106, 37, 69, 90, 52, 96, 57, 142, 97, 24, 27, 31, 136, 190, 182, 194, 68, 156, 9, 11, 174, 119, 2, 121, 85, 34, 54, 59, 17, 7, 192, 138, 166, 113, 112, 176, 133, 195, 111, 16, 147, 199, 51, 137, 8, 181, 173, 145, 180, 168, 193, 135, 170, 104, 60, 89, 39, 110, 64, 184, 169, 157, 22, 191, 33, 120, 65, 117, 29, 36, 152, 178, 109, 74, 99, 91, 127, 114, 148, 84, 186, 4, 92, 66, 6, 95, 162, 198, 50, 63, 87, 83, 200, 159, 67, 160, 5, 61, 151, 3, 172, 101, 196, 161, 15, 177, 56, 98, 108, 188, 23, 13, 187, 197, 143, 32, 71, 164, 53, 130, 183, 25, 144, 46, 123, 10, 44, 79, 35, 132, 42, 102, 185, 179, 81, 129, 103, 116, 105, 128, 125, 115, 45, 175, 118, 93, 124, 131, 21, 88, 100, 72, 140, 47, 40, 86, 167, 82, 26, 171, 165, 189, 18, 153, 126, 41, 19, 58, 158, 55, 154, 139, 38, 94]",
      "size_of_graph": 200,
      "iteration": 21,
      "mutex": 0.3
   },
   {
      "Type": "sym",
      "type_of": "tour order",
      "time": 1000,
      "solution": 58199,
      "permutation": "[17, 16, 196, 62, 69, 20, 162, 11, 172, 35, 29, 112, 156, 102, 96, 5, 155, 131, 103, 120, 122, 178, 41, 153, 182, 85, 121, 9, 142, 55, 70, 45, 8, 78, 66, 149, 185, 181, 106, 168, 61, 91, 13, 1, 65, 93, 48, 109, 38, 51, 86, 24, 25, 56, 113, 77, 160, 101, 118, 4, 39, 186, 94, 147, 95, 189, 132, 198, 28, 14, 146, 84, 129, 19, 82, 188, 159, 6, 114, 3, 187, 27, 171, 116, 12, 176, 46, 50, 34, 175, 49, 197, 164, 165, 2, 128, 190, 18, 104, 151, 36, 179, 64, 134, 43, 191, 98, 90, 108, 133, 67, 71, 144, 158, 127, 44, 119, 57, 72, 115, 139, 110, 31, 166, 74, 89, 170, 194, 138, 107, 193, 52, 79, 7, 117, 184, 33, 73, 87, 92, 26, 53, 200, 83, 137, 195, 111, 97, 58, 174, 163, 125, 180, 47, 88, 15, 54, 100, 37, 30, 157, 59, 80, 177, 192, 154, 141, 150, 199, 152, 140, 130, 135, 145, 42, 10, 123, 124, 126, 136, 60, 143, 40, 99, 81, 63, 68, 105, 167, 148, 161, 23, 22, 75, 32, 76, 169, 173, 183, 21]",
      "size_of_graph": 200,
      "iteration": 20,
      "mutex": 0.5
   }
]