[
   {
      "Type": "sym",
      "type_of": "tour cycle",
      "time": 1000,
      "solution": 74448,
      "permutation": "[180, 112, 39, 135, 142, 158, 11, 55, 3, 63, 193, 80, 174, 81, 22, 34, 51, 85, 178, 45, 29, 90, 52, 21, 188, 106, 172, 94, 40, 87, 10, 130, 171, 31, 107, 91, 126, 70, 71, 162, 68, 121, 108, 146, 27, 23, 192, 196, 161, 54, 199, 136, 15, 37, 1, 147, 5, 156, 47, 99, 139, 151, 163, 84, 144, 6, 4, 48, 19, 73, 122, 152, 197, 169, 104, 115, 160, 13, 36, 95, 74, 38, 133, 44, 103, 129, 30, 42, 167, 8, 150, 131, 82, 143, 195, 182, 105, 7, 58, 194, 128, 117, 187, 111, 64, 100, 18, 60, 140, 189, 32, 61, 168, 2, 153, 62, 53, 183, 33, 157, 101, 76, 145, 41, 164, 92, 24, 26, 43, 179, 186, 16, 175, 159, 123, 124, 57, 12, 176, 14, 138, 114, 177, 132, 198, 149, 155, 20, 83, 141, 134, 110, 56, 109, 184, 120, 191, 173, 9, 181, 96, 137, 125, 50, 69, 17, 72, 148, 35, 28, 166, 190, 77, 98, 89, 127, 49, 185, 113, 79, 97, 86, 200, 78, 67, 154, 46, 25, 116, 93, 102, 75, 59, 66, 119, 88, 165, 118, 170, 65]",
      "size_of_graph": 200,
      "iteration": 13,
      "mutex": 0.05
   },
   {
      "Type": "sym",
      "type_of": "tour cycle",
      "time": 1000,
      "solution": 74340,
      "permutation": "[199, 151, 143, 27, 190, 193, 14, 78, 81, 3, 47, 118, 111, 112, 175, 177, 32, 105, 5, 2, 46, 43, 145, 187, 162, 157, 102, 57, 120, 34, 70, 75, 12, 64, 84, 18, 116, 158, 196, 20, 117, 49, 97, 114, 167, 134, 54, 42, 56, 29, 107, 16, 124, 147, 85, 166, 9, 135, 30, 197, 69, 37, 83, 38, 123, 40, 138, 161, 170, 72, 1, 119, 200, 198, 25, 7, 139, 91, 10, 50, 4, 195, 26, 180, 142, 136, 130, 51, 76, 79, 63, 185, 82, 122, 8, 132, 52, 149, 67, 48, 165, 31, 104, 160, 150, 45, 148, 168, 153, 113, 172, 137, 74, 95, 125, 155, 152, 192, 156, 13, 35, 174, 133, 60, 181, 53, 80, 128, 33, 144, 61, 186, 73, 11, 171, 92, 39, 189, 24, 194, 89, 98, 66, 94, 182, 183, 23, 71, 62, 17, 68, 115, 108, 184, 110, 163, 127, 191, 159, 41, 188, 169, 103, 100, 129, 96, 99, 6, 15, 65, 87, 179, 55, 154, 146, 126, 141, 106, 173, 77, 28, 93, 22, 140, 109, 19, 58, 178, 90, 36, 164, 59, 44, 121, 176, 21, 131, 86, 101, 88]",
      "size_of_graph": 200,
      "iteration": 12,
      "mutex": 0.1
   },
   {
      "Type": "sym",
      "type_of": "tour cycle",
      "time": 1000,
      "solution": 75289,
      "permutation": "[43, 147, 102, 197, 88, 162, 89, 58, 126, 136, 154, 78, 94, 80, 165, 49, 188, 155, 144, 145, 117, 181, 26, 27, 105, 141, 186, 47, 81, 138, 116, 159, 180, 54, 56, 108, 46, 68, 190, 148, 48, 40, 183, 195, 20, 39, 128, 131, 98, 101, 129, 167, 37, 74, 106, 91, 109, 96, 86, 194, 6, 29, 17, 45, 107, 153, 103, 166, 177, 118, 9, 87, 23, 137, 146, 67, 42, 142, 77, 53, 192, 178, 36, 15, 200, 62, 2, 85, 3, 151, 173, 185, 83, 134, 172, 140, 71, 50, 44, 175, 158, 125, 59, 150, 169, 8, 123, 32, 135, 11, 41, 10, 31, 72, 19, 7, 22, 164, 99, 179, 100, 95, 18, 1, 30, 25, 63, 55, 193, 84, 157, 34, 160, 113, 176, 60, 66, 124, 16, 156, 51, 110, 143, 52, 189, 24, 168, 191, 174, 111, 149, 21, 76, 127, 97, 187, 35, 5, 139, 184, 152, 90, 182, 93, 61, 130, 161, 196, 57, 64, 114, 79, 170, 33, 73, 75, 70, 14, 4, 199, 12, 163, 115, 119, 28, 122, 120, 112, 132, 133, 69, 82, 65, 104, 171, 121, 13, 198, 92, 38]",
      "size_of_graph": 200,
      "iteration": 14,
      "mutex": 0.2
   },
   {
      "Type": "sym",
      "type_of": "tour cycle",
      "time": 1000,
      "solution": 76079,
      "permutation": "[181, 126, 25, 17, 47, 40, 120, 14, 105, 10, 74, 61, 110, 198, 78, 184, 75, 2, 64, 148, 186, 133, 59, 96, 144, 53, 183, 97, 58, 35, 77, 122, 135, 179, 150, 83, 16, 147, 20, 185, 50, 60, 91, 138, 194, 67, 117, 101, 12, 104, 52, 66, 109, 182, 146, 165, 114, 21, 81, 112, 30, 36, 121, 163, 127, 154, 85, 26, 89, 132, 189, 24, 32, 49, 5, 167, 1, 93, 9, 188, 62, 158, 171, 169, 44, 174, 43, 73, 94, 170, 103, 129, 197, 57, 175, 87, 65, 79, 172, 125, 142, 162, 187, 113, 76, 161, 86, 88, 82, 69, 140, 177, 108, 72, 102, 92, 19, 4, 191, 34, 151, 55, 107, 42, 95, 119, 149, 115, 11, 141, 137, 38, 134, 29, 68, 155, 15, 164, 131, 176, 41, 51, 8, 139, 46, 33, 70, 199, 48, 7, 84, 39, 31, 27, 6, 123, 63, 18, 136, 153, 200, 54, 23, 99, 195, 145, 28, 128, 196, 178, 100, 111, 157, 193, 116, 90, 13, 118, 166, 106, 173, 192, 124, 71, 168, 3, 56, 80, 98, 152, 22, 45, 180, 37, 130, 156, 160, 143, 190, 159]",
      "size_of_graph": 200,
      "iteration": 11,
      "mutex": 0.3
   },
   {
      "Type": "sym",
      "type_of": "tour cycle",
      "time": 1000,
      "solution": 77124,
      "permutation": "[21, 161, 45, 148, 120, 139, 91, 98, 103, 144, 123, 152, 54, 143, 135, 46, 79, 104, 47, 76, 194, 2, 56, 162, 86, 41, 38, 57, 110, 108, 189, 137, 141, 92, 111, 132, 166, 72, 125, 163, 180, 19, 53, 128, 71, 97, 10, 7, 198, 100, 195, 59, 50, 69, 15, 14, 136, 191, 22, 150, 193, 4, 158, 105, 52, 89, 182, 155, 176, 185, 81, 25, 42, 196, 36, 133, 165, 70, 37, 65, 5, 192, 48, 13, 44, 153, 84, 28, 183, 73, 102, 168, 131, 154, 145, 24, 107, 169, 80, 115, 27, 99, 142, 8, 177, 78, 151, 61, 126, 156, 124, 12, 85, 26, 20, 18, 32, 16, 51, 30, 178, 75, 187, 87, 160, 64, 147, 116, 93, 181, 109, 39, 11, 3, 67, 58, 188, 95, 77, 175, 23, 62, 101, 138, 172, 29, 34, 90, 31, 129, 159, 118, 35, 134, 112, 174, 60, 43, 55, 9, 167, 40, 114, 186, 171, 33, 6, 117, 83, 119, 146, 88, 121, 49, 82, 63, 74, 130, 199, 190, 1, 122, 140, 170, 200, 179, 184, 149, 96, 164, 127, 17, 68, 106, 157, 113, 197, 173, 94, 66]",
      "size_of_graph": 200,
      "iteration": 11,
      "mutex": 0.5
   },
   {
      "Type": "sym",
      "type_of": "tour cycle",
      "time": 1000,
      "solution": 76229,
      "permutation": "[102, 21, 35, 165, 7, 82, 190, 11, 130, 49, 39, 157, 74, 10, 198, 13, 28, 150, 94, 83, 135, 168, 160, 186, 33, 55, 104, 47, 156, 122, 100, 183, 123, 166, 37, 128, 63, 145, 23, 151, 144, 131, 79, 163, 18, 118, 140, 139, 107, 199, 66, 115, 179, 98, 171, 162, 22, 178, 46, 121, 58, 167, 15, 192, 169, 54, 27, 43, 36, 189, 95, 158, 195, 148, 136, 75, 72, 69, 184, 181, 146, 41, 30, 20, 101, 2, 64, 112, 155, 193, 125, 17, 40, 31, 87, 105, 61, 177, 56, 182, 86, 180, 53, 109, 60, 89, 174, 67, 164, 187, 91, 138, 12, 132, 73, 153, 14, 110, 4, 70, 116, 81, 32, 120, 65, 129, 117, 137, 127, 119, 52, 97, 106, 200, 5, 68, 152, 19, 25, 90, 194, 24, 42, 48, 99, 143, 126, 161, 45, 44, 78, 77, 92, 176, 124, 113, 16, 103, 111, 154, 93, 114, 51, 38, 1, 141, 197, 196, 185, 170, 62, 159, 29, 96, 188, 34, 6, 108, 84, 3, 134, 80, 50, 8, 71, 173, 172, 26, 76, 59, 133, 142, 175, 147, 191, 57, 85, 149, 9, 88]",
      "size_of_graph": 200,
      "iteration": 12,
      "mutex": 0.05
   },
   {
      "Type": "sym",
      "type_of": "tour cycle",
      "time": 1000,
      "solution": 75401,
      "permutation": "[96, 99, 187, 87, 144, 80, 160, 74, 63, 142, 57, 183, 27, 130, 88, 16, 116, 198, 32, 24, 64, 191, 170, 48, 78, 137, 47, 104, 3, 171, 75, 156, 196, 11, 186, 105, 15, 161, 65, 20, 103, 98, 71, 117, 173, 31, 77, 139, 56, 111, 132, 67, 100, 58, 60, 172, 154, 90, 2, 136, 107, 52, 44, 134, 61, 168, 185, 21, 167, 55, 94, 7, 162, 46, 178, 159, 140, 114, 45, 165, 155, 70, 6, 43, 102, 163, 169, 92, 59, 124, 138, 152, 115, 127, 133, 68, 120, 30, 84, 8, 42, 131, 36, 121, 141, 9, 158, 89, 54, 101, 197, 25, 110, 119, 113, 17, 72, 106, 39, 148, 199, 26, 95, 112, 123, 69, 40, 184, 135, 193, 1, 85, 18, 10, 181, 126, 128, 109, 33, 5, 146, 194, 122, 28, 157, 192, 23, 129, 41, 66, 176, 83, 118, 177, 51, 38, 125, 145, 4, 81, 34, 93, 195, 166, 62, 97, 12, 82, 13, 73, 182, 190, 189, 53, 164, 188, 150, 79, 14, 175, 86, 49, 19, 180, 153, 143, 147, 149, 108, 37, 35, 179, 22, 50, 174, 151, 91, 76, 200, 29]",
      "size_of_graph": 200,
      "iteration": 12,
      "mutex": 0.1
   },
   {
      "Type": "sym",
      "type_of": "tour cycle",
      "time": 1000,
      "solution": 76802,
      "permutation": "[75, 189, 169, 17, 185, 89, 150, 112, 148, 3, 49, 82, 196, 141, 137, 14, 156, 111, 173, 180, 28, 10, 78, 64, 63, 65, 81, 34, 8, 86, 60, 142, 68, 104, 110, 151, 160, 36, 30, 161, 198, 200, 90, 135, 134, 23, 117, 95, 149, 157, 109, 71, 26, 184, 37, 59, 50, 165, 167, 2, 32, 126, 107, 158, 98, 25, 53, 13, 52, 152, 42, 132, 91, 119, 41, 163, 174, 191, 38, 85, 6, 58, 162, 88, 69, 187, 83, 87, 154, 47, 102, 195, 31, 56, 183, 62, 77, 192, 44, 4, 74, 116, 48, 94, 193, 24, 127, 120, 84, 1, 106, 19, 186, 131, 61, 145, 54, 55, 99, 12, 199, 144, 101, 178, 190, 113, 138, 136, 43, 35, 139, 182, 197, 29, 67, 15, 11, 105, 7, 159, 129, 18, 128, 122, 146, 147, 16, 46, 121, 125, 123, 21, 170, 143, 153, 103, 175, 66, 97, 133, 70, 57, 181, 188, 130, 118, 140, 177, 80, 166, 168, 172, 114, 73, 45, 194, 92, 124, 22, 20, 108, 33, 93, 176, 72, 115, 39, 96, 164, 155, 40, 179, 51, 76, 79, 27, 100, 5, 9, 171]",
      "size_of_graph": 200,
      "iteration": 12,
      "mutex": 0.2
   },
   {
      "Type": "sym",
      "type_of": "tour cycle",
      "time": 1000,
      "solution": 76194,
      "permutation": "[20, 17, 162, 5, 121, 151, 46, 133, 145, 10, 34, 15, 4, 170, 88, 123, 86, 3, 179, 156, 96, 19, 189, 137, 181, 54, 25, 198, 67, 164, 177, 61, 98, 87, 114, 111, 108, 40, 152, 38, 78, 175, 80, 51, 119, 18, 9, 71, 166, 103, 2, 28, 192, 23, 102, 106, 41, 79, 141, 199, 188, 148, 55, 12, 117, 35, 134, 69, 48, 94, 63, 32, 143, 36, 178, 196, 174, 135, 6, 37, 70, 157, 81, 195, 127, 115, 149, 95, 122, 101, 89, 147, 24, 60, 104, 194, 85, 75, 43, 27, 82, 155, 105, 77, 144, 142, 29, 97, 112, 128, 53, 191, 62, 39, 124, 173, 90, 11, 21, 22, 165, 186, 52, 113, 146, 136, 180, 83, 91, 109, 129, 167, 193, 58, 187, 33, 92, 72, 118, 50, 200, 171, 8, 183, 66, 73, 30, 59, 99, 182, 84, 14, 132, 1, 138, 184, 159, 176, 116, 125, 169, 13, 130, 161, 76, 168, 140, 47, 42, 7, 26, 154, 68, 172, 16, 65, 150, 139, 107, 64, 131, 45, 160, 197, 49, 185, 190, 56, 126, 57, 93, 44, 110, 120, 100, 153, 158, 74, 163, 31]",
      "size_of_graph": 200,
      "iteration": 12,
      "mutex": 0.3
   },
   {
      "Type": "sym",
      "type_of": "tour cycle",
      "time": 1000,
      "solution": 76836,
      "permutation": "[27, 138, 13, 26, 103, 141, 192, 113, 69, 131, 81, 94, 29, 140, 79, 176, 21, 117, 97, 65, 93, 169, 10, 58, 57, 130, 28, 112, 63, 143, 160, 137, 170, 19, 35, 45, 157, 162, 41, 98, 76, 22, 72, 96, 50, 173, 198, 126, 47, 100, 78, 195, 124, 178, 67, 199, 52, 172, 187, 40, 104, 70, 164, 142, 86, 190, 177, 129, 127, 159, 106, 118, 175, 24, 66, 179, 44, 88, 109, 55, 90, 128, 25, 147, 108, 171, 184, 168, 191, 120, 95, 43, 135, 31, 115, 99, 189, 82, 92, 59, 42, 134, 165, 32, 167, 181, 60, 56, 174, 8, 9, 15, 4, 3, 123, 111, 152, 18, 85, 49, 75, 186, 196, 166, 33, 149, 114, 89, 7, 132, 54, 110, 180, 146, 30, 119, 2, 5, 136, 16, 36, 38, 145, 64, 151, 83, 23, 182, 1, 77, 80, 74, 139, 84, 133, 61, 185, 154, 34, 37, 148, 121, 163, 48, 156, 197, 11, 122, 158, 53, 183, 144, 14, 62, 91, 87, 71, 39, 46, 155, 125, 73, 101, 161, 68, 194, 12, 200, 116, 193, 17, 102, 20, 6, 107, 51, 150, 105, 153, 188]",
      "size_of_graph": 200,
      "iteration": 12,
      "mutex": 0.5
   },
   {
      "Type": "sym",
      "type_of": "tour cycle",
      "time": 1000,
      "solution": 73835,
      "permutation": "[54, 65, 82, 37, 56, 78, 135, 137, 190, 125, 45, 4, 195, 19, 123, 189, 109, 75, 167, 76, 90, 143, 136, 114, 68, 194, 29, 127, 199, 53, 193, 31, 88, 163, 89, 108, 119, 188, 140, 182, 152, 43, 59, 7, 172, 149, 192, 46, 79, 98, 104, 180, 62, 87, 116, 84, 145, 74, 47, 110, 198, 168, 131, 16, 185, 55, 120, 63, 138, 101, 83, 154, 67, 150, 42, 57, 34, 144, 165, 171, 178, 157, 25, 156, 176, 21, 103, 184, 14, 30, 80, 146, 148, 134, 117, 38, 60, 66, 179, 106, 129, 142, 35, 58, 91, 61, 160, 20, 130, 27, 17, 162, 133, 173, 197, 97, 15, 121, 158, 187, 72, 8, 164, 196, 41, 170, 191, 50, 115, 32, 1, 3, 141, 181, 70, 161, 73, 81, 92, 71, 10, 118, 40, 151, 147, 51, 186, 153, 33, 96, 132, 183, 99, 18, 6, 200, 85, 49, 52, 69, 39, 122, 86, 177, 44, 28, 36, 100, 94, 24, 22, 102, 23, 95, 169, 124, 11, 126, 174, 64, 77, 93, 175, 107, 48, 9, 111, 155, 166, 26, 12, 5, 2, 113, 112, 159, 128, 105, 139, 13]",
      "size_of_graph": 200,
      "iteration": 14,
      "mutex": 0.05
   },
   {
      "Type": "sym",
      "type_of": "tour cycle",
      "time": 1000,
      "solution": 75152,
      "permutation": "[96, 133, 137, 184, 123, 158, 38, 151, 49, 36, 198, 29, 11, 179, 110, 172, 188, 35, 62, 128, 186, 124, 192, 174, 30, 76, 54, 53, 89, 39, 34, 21, 51, 180, 31, 33, 26, 183, 1, 5, 47, 77, 102, 70, 126, 122, 9, 6, 177, 82, 44, 87, 17, 129, 161, 145, 185, 72, 162, 176, 86, 56, 23, 181, 160, 73, 40, 150, 138, 149, 175, 169, 57, 97, 46, 10, 167, 107, 134, 69, 66, 148, 159, 43, 59, 163, 78, 165, 140, 37, 50, 80, 42, 111, 144, 20, 55, 196, 170, 93, 171, 182, 104, 130, 81, 195, 116, 147, 187, 132, 154, 79, 74, 173, 68, 12, 28, 143, 13, 24, 32, 127, 109, 45, 65, 85, 105, 119, 131, 197, 15, 189, 194, 178, 48, 52, 7, 108, 118, 101, 125, 90, 19, 191, 155, 4, 120, 16, 152, 67, 88, 94, 83, 61, 98, 2, 8, 14, 193, 200, 139, 153, 136, 63, 91, 99, 95, 3, 168, 135, 146, 41, 113, 18, 121, 166, 27, 60, 106, 103, 142, 164, 112, 58, 117, 156, 25, 71, 190, 84, 114, 100, 75, 64, 199, 157, 141, 92, 115, 22]",
      "size_of_graph": 200,
      "iteration": 14,
      "mutex": 0.1
   },
   {
      "Type": "sym",
      "type_of": "tour cycle",
      "time": 1000,
      "solution": 75926,
      "permutation": "[94, 23, 75, 135, 113, 37, 160, 45, 123, 106, 67, 142, 60, 195, 70, 194, 73, 46, 68, 125, 16, 30, 189, 115, 128, 109, 120, 98, 183, 190, 199, 180, 166, 132, 186, 93, 136, 153, 81, 52, 154, 192, 4, 178, 116, 87, 196, 69, 91, 24, 157, 111, 49, 175, 104, 122, 86, 107, 84, 117, 34, 38, 119, 27, 77, 12, 18, 58, 53, 170, 62, 197, 19, 14, 173, 95, 102, 147, 118, 174, 25, 167, 59, 80, 61, 168, 121, 42, 108, 76, 182, 181, 99, 20, 26, 85, 140, 133, 172, 152, 148, 124, 21, 143, 193, 158, 185, 177, 126, 159, 22, 176, 150, 10, 41, 171, 139, 127, 28, 92, 2, 35, 79, 141, 155, 198, 1, 163, 100, 55, 64, 114, 71, 200, 50, 82, 90, 137, 56, 40, 130, 74, 57, 103, 131, 89, 36, 83, 6, 3, 8, 51, 32, 88, 7, 17, 179, 146, 63, 162, 66, 9, 144, 65, 112, 72, 33, 11, 161, 48, 97, 78, 149, 29, 169, 47, 129, 105, 54, 145, 13, 184, 44, 191, 188, 39, 101, 134, 156, 15, 165, 110, 43, 96, 138, 151, 5, 31, 187, 164]",
      "size_of_graph": 200,
      "iteration": 13,
      "mutex": 0.2
   },
   {
      "Type": "sym",
      "type_of": "tour cycle",
      "time": 1000,
      "solution": 76277,
      "permutation": "[38, 18, 96, 79, 161, 101, 194, 87, 30, 190, 165, 133, 153, 74, 64, 140, 166, 42, 56, 11, 55, 107, 94, 170, 135, 148, 167, 122, 88, 149, 152, 82, 192, 160, 175, 100, 139, 112, 151, 200, 168, 46, 121, 7, 103, 53, 23, 6, 150, 52, 147, 15, 39, 31, 173, 137, 1, 77, 179, 182, 37, 104, 48, 123, 142, 66, 16, 131, 109, 174, 120, 197, 177, 32, 57, 83, 85, 22, 80, 45, 127, 134, 28, 185, 169, 67, 2, 119, 20, 183, 186, 189, 125, 3, 144, 68, 108, 60, 159, 33, 35, 163, 95, 176, 171, 17, 130, 199, 154, 92, 110, 118, 117, 178, 156, 62, 172, 99, 44, 13, 105, 89, 65, 145, 162, 114, 58, 40, 49, 155, 143, 116, 61, 187, 195, 72, 19, 70, 47, 188, 102, 138, 124, 136, 12, 4, 41, 36, 141, 90, 24, 34, 63, 129, 106, 157, 93, 26, 184, 158, 76, 8, 132, 10, 29, 78, 25, 5, 9, 191, 181, 21, 14, 97, 111, 115, 164, 128, 91, 193, 54, 81, 51, 196, 59, 86, 43, 27, 69, 113, 71, 75, 84, 50, 73, 198, 146, 98, 180, 126]",
      "size_of_graph": 200,
      "iteration": 13,
      "mutex": 0.3
   },
   {
      "Type": "sym",
      "type_of": "tour cycle",
      "time": 1000,
      "solution": 75716,
      "permutation": "[159, 93, 26, 9, 57, 104, 103, 54, 194, 86, 198, 99, 96, 189, 143, 1, 69, 2, 87, 187, 133, 132, 81, 4, 157, 75, 97, 191, 74, 162, 39, 100, 67, 145, 139, 153, 68, 47, 70, 136, 165, 156, 169, 29, 193, 30, 177, 60, 27, 28, 137, 122, 6, 166, 49, 83, 185, 124, 117, 155, 186, 36, 121, 113, 25, 5, 78, 135, 91, 65, 50, 15, 13, 11, 115, 134, 48, 126, 146, 32, 22, 56, 120, 184, 18, 8, 183, 200, 152, 182, 19, 59, 40, 167, 168, 175, 171, 72, 90, 125, 179, 188, 76, 23, 41, 88, 38, 127, 180, 118, 31, 52, 64, 164, 140, 116, 142, 174, 51, 12, 110, 154, 138, 85, 94, 130, 17, 79, 84, 101, 53, 106, 102, 46, 109, 108, 129, 199, 37, 149, 176, 35, 21, 172, 58, 61, 92, 107, 144, 16, 10, 119, 33, 148, 95, 196, 178, 141, 197, 43, 44, 45, 195, 14, 161, 42, 181, 112, 173, 34, 160, 71, 62, 80, 7, 111, 82, 131, 163, 89, 147, 55, 150, 63, 3, 192, 98, 158, 73, 24, 20, 123, 114, 77, 105, 190, 128, 170, 151, 66]",
      "size_of_graph": 200,
      "iteration": 13,
      "mutex": 0.5
   }
]