[
   {
      "Type": "sym",
      "type_of": "tour map",
      "time": 1000,
      "solution": 67220,
      "permutation": "[17, 119, 162, 84, 196, 7, 161, 154, 96, 118, 122, 145, 54, 70, 59, 86, 178, 129, 102, 133, 4, 135, 29, 112, 26, 5, 167, 80, 8, 159, 37, 138, 9, 180, 78, 168, 12, 110, 58, 121, 106, 185, 23, 76, 141, 52, 181, 81, 68, 32, 126, 163, 156, 28, 35, 67, 50, 99, 198, 142, 128, 92, 190, 124, 144, 172, 184, 189, 74, 177, 44, 187, 3, 82, 47, 51, 183, 55, 100, 22, 63, 137, 43, 38, 13, 41, 113, 11, 83, 85, 176, 30, 1, 27, 131, 36, 108, 188, 175, 104, 94, 117, 116, 111, 10, 2, 103, 33, 24, 182, 39, 79, 87, 65, 157, 40, 19, 173, 199, 57, 46, 186, 170, 31, 155, 197, 60, 143, 64, 179, 107, 15, 165, 153, 25, 61, 146, 123, 97, 195, 21, 169, 49, 91, 95, 158, 149, 14, 174, 147, 16, 98, 71, 62, 101, 200, 66, 69, 73, 6, 148, 130, 109, 193, 127, 105, 88, 53, 77, 20, 90, 192, 93, 89, 171, 132, 166, 56, 151, 160, 125, 152, 72, 164, 48, 150, 136, 191, 114, 42, 139, 140, 75, 45, 115, 18, 120, 34, 194, 134]",
      "size_of_graph": 200,
      "iteration": 28,
      "mutex": 0.05
   },
   {
      "Type": "sym",
      "type_of": "tour map",
      "time": 1000,
      "solution": 71248,
      "permutation": "[182, 171, 191, 107, 177, 195, 185, 109, 4, 114, 181, 40, 86, 142, 133, 151, 145, 175, 189, 17, 140, 184, 167, 96, 190, 79, 53, 116, 52, 101, 158, 120, 113, 75, 89, 31, 29, 90, 157, 121, 147, 5, 112, 187, 179, 65, 169, 1, 176, 124, 119, 106, 62, 7, 139, 99, 37, 57, 30, 84, 136, 153, 22, 174, 68, 6, 183, 162, 154, 123, 180, 41, 188, 102, 42, 46, 36, 186, 67, 92, 199, 100, 129, 43, 66, 76, 61, 168, 19, 108, 146, 82, 126, 38, 152, 10, 132, 27, 81, 97, 13, 70, 122, 105, 63, 11, 118, 47, 173, 72, 166, 156, 130, 34, 135, 73, 88, 9, 128, 148, 137, 33, 87, 78, 138, 172, 110, 26, 20, 50, 117, 95, 64, 59, 69, 103, 161, 98, 159, 18, 165, 178, 44, 23, 192, 54, 170, 111, 144, 91, 58, 150, 25, 24, 80, 131, 77, 28, 2, 14, 12, 164, 155, 194, 35, 143, 49, 3, 85, 115, 71, 134, 197, 21, 125, 16, 198, 83, 127, 149, 160, 56, 55, 39, 32, 93, 196, 193, 163, 94, 51, 8, 200, 104, 141, 15, 48, 74, 60, 45]",
      "size_of_graph": 200,
      "iteration": 29,
      "mutex": 0.1
   },
   {
      "Type": "sym",
      "type_of": "tour map",
      "time": 1000,
      "solution": 64411,
      "permutation": "[192, 191, 5, 196, 96, 65, 132, 161, 89, 131, 101, 41, 99, 187, 35, 49, 91, 114, 48, 18, 12, 26, 86, 129, 151, 179, 181, 156, 6, 40, 123, 72, 44, 104, 199, 184, 64, 34, 81, 97, 30, 84, 63, 139, 4, 143, 170, 173, 14, 175, 37, 159, 9, 176, 127, 105, 169, 163, 59, 167, 32, 82, 120, 21, 10, 77, 122, 16, 144, 182, 172, 53, 13, 93, 94, 160, 119, 155, 188, 134, 57, 67, 61, 174, 112, 39, 80, 58, 128, 51, 164, 117, 166, 168, 186, 27, 109, 74, 165, 33, 19, 79, 121, 153, 177, 198, 157, 135, 75, 20, 15, 43, 7, 150, 2, 52, 193, 200, 62, 194, 69, 152, 149, 130, 126, 136, 137, 113, 178, 138, 185, 116, 8, 3, 111, 85, 190, 171, 56, 23, 38, 68, 88, 36, 180, 11, 162, 73, 1, 183, 76, 95, 78, 147, 197, 50, 28, 118, 115, 189, 25, 133, 47, 60, 83, 108, 125, 106, 46, 148, 90, 45, 42, 70, 102, 141, 100, 22, 124, 107, 17, 87, 142, 195, 92, 98, 31, 158, 103, 66, 29, 54, 71, 146, 24, 110, 154, 55, 140, 145]",
      "size_of_graph": 200,
      "iteration": 30,
      "mutex": 0.2
   },
   {
      "Type": "sym",
      "type_of": "tour map",
      "time": 1000,
      "solution": 68482,
      "permutation": "[140, 50, 20, 125, 135, 28, 74, 19, 105, 163, 13, 80, 44, 150, 172, 173, 151, 188, 86, 17, 65, 95, 198, 101, 89, 33, 79, 169, 133, 4, 175, 199, 157, 119, 57, 24, 112, 121, 158, 31, 59, 190, 68, 71, 48, 179, 99, 34, 37, 85, 171, 136, 132, 177, 187, 54, 200, 61, 161, 153, 73, 113, 197, 16, 30, 76, 127, 139, 8, 124, 39, 138, 90, 21, 100, 23, 193, 194, 41, 104, 52, 123, 168, 165, 11, 137, 69, 103, 2, 98, 88, 146, 152, 87, 18, 94, 164, 118, 102, 51, 166, 36, 32, 46, 93, 122, 6, 53, 42, 56, 78, 70, 3, 143, 195, 183, 64, 1, 7, 43, 84, 91, 40, 109, 114, 75, 107, 110, 106, 170, 167, 147, 131, 15, 92, 116, 45, 97, 108, 189, 181, 35, 196, 159, 144, 141, 182, 83, 117, 96, 55, 126, 176, 174, 81, 186, 191, 9, 128, 66, 10, 129, 77, 155, 148, 184, 47, 26, 72, 82, 12, 63, 180, 145, 62, 5, 38, 29, 134, 185, 156, 111, 25, 22, 60, 162, 142, 49, 160, 120, 130, 115, 149, 178, 192, 58, 27, 67, 154, 14]",
      "size_of_graph": 200,
      "iteration": 22,
      "mutex": 0.3
   },
   {
      "Type": "sym",
      "type_of": "tour map",
      "time": 1000,
      "solution": 69437,
      "permutation": "[37, 36, 18, 167, 16, 52, 15, 154, 172, 57, 94, 155, 189, 41, 40, 48, 149, 144, 159, 8, 73, 17, 98, 190, 158, 86, 34, 173, 1, 151, 24, 58, 65, 157, 25, 101, 110, 163, 81, 6, 123, 112, 174, 181, 104, 166, 77, 197, 116, 171, 177, 184, 187, 91, 131, 113, 185, 150, 107, 165, 175, 22, 148, 50, 97, 49, 200, 2, 38, 117, 59, 103, 35, 99, 156, 141, 27, 164, 133, 140, 10, 74, 182, 138, 196, 180, 28, 44, 93, 134, 29, 64, 126, 194, 51, 43, 102, 176, 100, 186, 153, 170, 137, 47, 32, 23, 53, 3, 60, 11, 120, 119, 5, 147, 135, 199, 39, 42, 56, 55, 121, 79, 54, 61, 136, 76, 78, 46, 192, 193, 195, 130, 21, 80, 63, 33, 178, 31, 122, 132, 146, 62, 111, 72, 92, 96, 124, 66, 183, 109, 143, 9, 118, 89, 168, 191, 67, 114, 75, 71, 198, 106, 26, 127, 88, 142, 83, 128, 4, 108, 139, 105, 7, 20, 115, 82, 12, 30, 188, 169, 87, 129, 152, 145, 160, 125, 19, 69, 14, 70, 179, 161, 45, 162, 85, 13, 84, 90, 68, 95]",
      "size_of_graph": 200,
      "iteration": 22,
      "mutex": 0.5
   },
   {
      "Type": "sym",
      "type_of": "tour map",
      "time": 1000,
      "solution": 67203,
      "permutation": "[184, 68, 127, 51, 114, 159, 154, 186, 131, 94, 86, 36, 150, 60, 87, 136, 160, 175, 83, 163, 152, 116, 4, 178, 79, 44, 169, 89, 128, 41, 161, 139, 176, 16, 120, 125, 49, 142, 52, 182, 167, 2, 146, 13, 107, 43, 149, 75, 179, 14, 71, 55, 148, 109, 170, 48, 21, 76, 73, 121, 11, 196, 126, 99, 130, 141, 26, 67, 197, 3, 66, 199, 82, 9, 29, 39, 104, 77, 111, 191, 193, 19, 138, 97, 50, 8, 185, 62, 81, 156, 88, 117, 135, 143, 47, 129, 155, 192, 18, 183, 100, 194, 98, 166, 172, 92, 61, 32, 24, 177, 25, 17, 115, 164, 85, 113, 37, 57, 63, 187, 118, 35, 112, 200, 56, 173, 10, 64, 198, 133, 145, 190, 91, 124, 110, 137, 119, 188, 168, 93, 103, 181, 157, 20, 134, 59, 180, 27, 23, 106, 147, 165, 144, 153, 105, 151, 31, 28, 189, 123, 101, 65, 108, 40, 34, 158, 5, 53, 38, 33, 69, 12, 15, 96, 6, 122, 102, 95, 70, 46, 132, 90, 58, 45, 195, 30, 42, 140, 162, 7, 74, 54, 1, 174, 171, 72, 84, 22, 80, 78]",
      "size_of_graph": 200,
      "iteration": 27,
      "mutex": 0.05
   },
   {
      "Type": "sym",
      "type_of": "tour map",
      "time": 1000,
      "solution": 64013,
      "permutation": "[34, 52, 121, 158, 183, 78, 74, 103, 198, 194, 61, 124, 164, 71, 104, 172, 192, 92, 173, 110, 191, 27, 134, 163, 68, 152, 13, 44, 69, 142, 3, 143, 42, 129, 149, 199, 102, 72, 8, 185, 111, 106, 1, 147, 135, 182, 130, 140, 156, 79, 54, 14, 95, 87, 21, 151, 98, 56, 109, 31, 83, 195, 89, 84, 175, 48, 6, 123, 11, 65, 170, 57, 169, 37, 188, 76, 19, 141, 17, 59, 80, 5, 190, 112, 125, 144, 62, 153, 91, 178, 138, 10, 126, 90, 4, 99, 66, 82, 36, 196, 29, 159, 184, 145, 2, 115, 132, 7, 136, 179, 16, 86, 35, 117, 137, 40, 53, 108, 139, 39, 101, 100, 20, 161, 47, 105, 119, 43, 67, 118, 167, 114, 88, 189, 50, 58, 93, 160, 64, 25, 122, 22, 186, 18, 38, 23, 77, 63, 127, 168, 51, 113, 177, 171, 30, 41, 28, 174, 70, 155, 162, 107, 133, 154, 85, 197, 157, 49, 15, 32, 60, 75, 9, 128, 55, 166, 165, 187, 180, 116, 24, 96, 148, 146, 81, 120, 176, 46, 193, 150, 73, 200, 12, 45, 33, 131, 97, 26, 94, 181]",
      "size_of_graph": 200,
      "iteration": 26,
      "mutex": 0.1
   },
   {
      "Type": "sym",
      "type_of": "tour map",
      "time": 1000,
      "solution": 60589,
      "permutation": "[158, 153, 7, 1, 3, 141, 29, 154, 53, 193, 155, 189, 15, 50, 136, 64, 120, 103, 9, 129, 121, 177, 183, 46, 105, 175, 77, 63, 130, 191, 169, 194, 118, 138, 178, 42, 179, 76, 12, 93, 35, 110, 164, 133, 200, 140, 36, 123, 131, 104, 61, 162, 135, 8, 98, 142, 70, 21, 38, 92, 116, 100, 72, 83, 54, 147, 89, 126, 58, 114, 172, 4, 88, 85, 132, 101, 51, 128, 52, 57, 156, 117, 67, 13, 187, 180, 106, 95, 6, 165, 45, 65, 28, 68, 75, 109, 25, 146, 198, 26, 174, 192, 40, 137, 5, 33, 82, 71, 32, 11, 24, 173, 41, 78, 134, 2, 14, 161, 151, 23, 125, 84, 171, 160, 170, 62, 18, 182, 43, 20, 102, 22, 47, 31, 124, 19, 186, 90, 56, 16, 111, 195, 143, 97, 168, 39, 74, 145, 87, 176, 69, 196, 127, 149, 112, 99, 49, 157, 73, 27, 150, 59, 30, 79, 17, 163, 166, 10, 81, 107, 184, 94, 80, 197, 167, 108, 113, 159, 119, 60, 66, 139, 115, 144, 48, 55, 34, 86, 44, 91, 37, 190, 185, 148, 96, 152, 188, 199, 122, 181]",
      "size_of_graph": 200,
      "iteration": 27,
      "mutex": 0.2
   },
   {
      "Type": "sym",
      "type_of": "tour map",
      "time": 1000,
      "solution": 64297,
      "permutation": "[16, 82, 136, 157, 20, 35, 197, 74, 63, 125, 24, 89, 4, 137, 182, 28, 155, 175, 122, 129, 174, 55, 121, 158, 61, 15, 67, 152, 176, 78, 69, 41, 192, 169, 163, 123, 145, 113, 177, 90, 143, 172, 171, 72, 193, 138, 11, 56, 189, 151, 79, 178, 170, 150, 6, 160, 154, 164, 195, 98, 130, 50, 141, 106, 135, 71, 127, 183, 60, 17, 85, 194, 179, 84, 148, 128, 96, 52, 2, 65, 188, 48, 45, 165, 39, 8, 70, 120, 81, 97, 22, 104, 49, 109, 153, 23, 142, 37, 100, 173, 118, 131, 21, 34, 87, 73, 36, 166, 139, 184, 25, 187, 77, 40, 119, 180, 134, 86, 27, 75, 149, 162, 26, 126, 64, 32, 112, 13, 115, 76, 43, 191, 140, 99, 51, 101, 42, 198, 5, 196, 80, 94, 29, 159, 10, 3, 132, 38, 53, 93, 46, 190, 9, 83, 54, 144, 44, 68, 88, 200, 58, 95, 147, 186, 66, 92, 91, 57, 168, 185, 62, 114, 19, 12, 117, 103, 102, 181, 14, 59, 18, 133, 161, 167, 156, 30, 124, 105, 146, 33, 111, 199, 31, 108, 110, 1, 7, 116, 47, 107]",
      "size_of_graph": 200,
      "iteration": 25,
      "mutex": 0.3
   },
   {
      "Type": "sym",
      "type_of": "tour map",
      "time": 1000,
      "solution": 73198,
      "permutation": "[174, 137, 164, 114, 5, 80, 74, 45, 139, 51, 49, 194, 170, 95, 3, 105, 136, 40, 13, 101, 54, 173, 16, 52, 69, 134, 4, 98, 179, 11, 39, 44, 124, 81, 32, 161, 132, 1, 185, 88, 46, 12, 50, 94, 176, 86, 182, 112, 97, 10, 75, 103, 167, 77, 68, 113, 89, 93, 106, 120, 53, 193, 183, 191, 70, 143, 135, 145, 42, 166, 87, 192, 20, 71, 156, 188, 56, 108, 147, 43, 104, 142, 34, 121, 140, 109, 73, 38, 128, 195, 27, 157, 21, 17, 66, 110, 83, 31, 196, 115, 22, 102, 150, 63, 24, 91, 76, 30, 159, 84, 92, 199, 155, 62, 123, 133, 197, 189, 82, 47, 129, 60, 177, 100, 18, 37, 41, 172, 175, 48, 29, 158, 149, 79, 36, 9, 99, 151, 72, 8, 168, 78, 85, 146, 116, 122, 26, 14, 111, 61, 107, 15, 126, 96, 33, 181, 141, 184, 180, 127, 190, 171, 117, 160, 2, 7, 153, 165, 144, 130, 25, 64, 55, 119, 65, 178, 59, 23, 28, 198, 57, 58, 138, 162, 90, 187, 154, 152, 131, 35, 6, 148, 19, 200, 186, 163, 169, 67, 125, 118]",
      "size_of_graph": 200,
      "iteration": 25,
      "mutex": 0.5
   },
   {
      "Type": "sym",
      "type_of": "tour map",
      "time": 1000,
      "solution": 67752,
      "permutation": "[83, 85, 90, 129, 47, 97, 155, 166, 153, 170, 107, 82, 197, 104, 156, 106, 48, 41, 67, 93, 135, 141, 70, 51, 68, 159, 44, 91, 46, 20, 88, 115, 53, 173, 89, 134, 109, 142, 163, 130, 132, 127, 117, 161, 148, 196, 39, 112, 64, 99, 87, 94, 23, 195, 125, 119, 55, 187, 184, 198, 95, 80, 14, 36, 34, 160, 193, 2, 139, 175, 76, 73, 169, 105, 147, 185, 165, 182, 78, 27, 118, 133, 113, 186, 152, 9, 191, 66, 63, 74, 57, 56, 103, 102, 45, 177, 22, 10, 96, 149, 136, 71, 5, 171, 137, 28, 111, 92, 157, 167, 61, 144, 101, 54, 200, 110, 77, 11, 26, 199, 188, 120, 69, 58, 1, 183, 21, 81, 122, 38, 8, 42, 60, 3, 24, 65, 162, 31, 32, 146, 190, 25, 30, 124, 192, 131, 52, 189, 62, 116, 40, 75, 12, 59, 29, 37, 100, 7, 145, 50, 49, 150, 17, 158, 121, 154, 181, 194, 179, 114, 172, 4, 84, 143, 16, 180, 43, 13, 6, 168, 176, 98, 128, 138, 178, 86, 79, 140, 174, 18, 15, 33, 19, 151, 123, 35, 164, 126, 108, 72]",
      "size_of_graph": 200,
      "iteration": 32,
      "mutex": 0.05
   },
   {
      "Type": "sym",
      "type_of": "tour map",
      "time": 1000,
      "solution": 69706,
      "permutation": "[117, 20, 37, 132, 28, 17, 16, 76, 30, 9, 190, 182, 104, 179, 42, 187, 59, 12, 162, 199, 167, 97, 25, 4, 188, 64, 53, 114, 56, 84, 58, 116, 183, 153, 139, 130, 181, 91, 171, 178, 180, 60, 44, 119, 27, 108, 192, 175, 11, 26, 168, 160, 164, 51, 107, 173, 157, 5, 62, 68, 45, 194, 134, 6, 85, 18, 103, 23, 65, 36, 100, 43, 32, 90, 3, 133, 176, 121, 163, 52, 198, 14, 141, 111, 193, 38, 177, 10, 74, 174, 113, 77, 21, 106, 7, 2, 120, 148, 191, 19, 118, 94, 125, 89, 92, 72, 131, 154, 86, 57, 79, 197, 140, 129, 1, 13, 82, 170, 196, 101, 195, 185, 110, 88, 124, 149, 147, 81, 189, 78, 158, 22, 155, 165, 200, 123, 184, 161, 75, 87, 146, 31, 144, 66, 95, 96, 67, 8, 80, 69, 33, 49, 50, 150, 98, 156, 143, 61, 166, 41, 40, 35, 24, 138, 46, 83, 135, 115, 122, 70, 142, 152, 169, 127, 99, 73, 15, 102, 126, 128, 186, 137, 136, 54, 93, 71, 47, 29, 109, 34, 48, 172, 39, 151, 112, 105, 63, 159, 55, 145]",
      "size_of_graph": 200,
      "iteration": 31,
      "mutex": 0.1
   },
   {
      "Type": "sym",
      "type_of": "tour map",
      "time": 1000,
      "solution": 68273,
      "permutation": "[120, 52, 94, 51, 110, 198, 176, 93, 156, 183, 187, 11, 40, 81, 84, 48, 182, 47, 35, 118, 57, 169, 17, 56, 131, 152, 54, 85, 157, 42, 105, 63, 15, 178, 166, 126, 162, 87, 13, 184, 134, 64, 116, 115, 137, 181, 33, 123, 111, 3, 12, 4, 88, 50, 106, 70, 160, 109, 124, 8, 180, 138, 72, 140, 69, 14, 154, 32, 190, 127, 122, 65, 38, 186, 144, 188, 90, 108, 133, 30, 153, 189, 23, 59, 98, 36, 31, 60, 151, 76, 78, 68, 179, 37, 22, 129, 163, 104, 135, 58, 107, 197, 80, 125, 114, 45, 7, 174, 96, 119, 49, 147, 132, 39, 25, 9, 83, 44, 164, 136, 191, 16, 196, 24, 145, 143, 55, 141, 10, 1, 66, 29, 170, 128, 112, 148, 185, 53, 200, 5, 79, 43, 193, 99, 130, 158, 172, 77, 192, 161, 175, 34, 194, 121, 19, 91, 82, 71, 117, 165, 28, 149, 97, 155, 150, 173, 74, 100, 2, 195, 6, 113, 167, 102, 101, 89, 139, 171, 146, 142, 26, 46, 103, 73, 27, 61, 18, 159, 75, 92, 62, 67, 168, 199, 95, 41, 86, 177, 21, 20]",
      "size_of_graph": 200,
      "iteration": 29,
      "mutex": 0.2
   },
   {
      "Type": "sym",
      "type_of": "tour map",
      "time": 1000,
      "solution": 63993,
      "permutation": "[9, 111, 170, 43, 128, 22, 139, 84, 73, 159, 12, 167, 85, 106, 107, 55, 148, 133, 147, 20, 187, 23, 17, 42, 25, 33, 151, 77, 14, 199, 129, 58, 161, 48, 66, 69, 145, 7, 130, 103, 3, 120, 72, 86, 186, 173, 56, 193, 171, 122, 121, 92, 82, 169, 94, 197, 64, 34, 192, 116, 154, 143, 162, 180, 47, 93, 113, 49, 183, 40, 105, 176, 104, 181, 57, 100, 6, 198, 190, 158, 155, 74, 38, 35, 135, 124, 144, 142, 26, 184, 39, 164, 52, 68, 70, 63, 1, 21, 67, 182, 195, 30, 134, 44, 89, 87, 141, 46, 175, 114, 90, 54, 71, 83, 156, 53, 97, 76, 185, 172, 137, 109, 62, 150, 29, 78, 51, 153, 41, 196, 24, 168, 61, 123, 189, 81, 65, 118, 16, 32, 19, 138, 5, 28, 110, 88, 13, 115, 80, 165, 60, 50, 179, 95, 99, 18, 37, 108, 132, 160, 27, 119, 174, 96, 125, 112, 31, 191, 91, 59, 194, 146, 45, 178, 101, 166, 8, 11, 2, 149, 126, 177, 127, 140, 152, 15, 36, 163, 10, 131, 136, 98, 4, 75, 79, 188, 200, 157, 117, 102]",
      "size_of_graph": 200,
      "iteration": 27,
      "mutex": 0.3
   },
   {
      "Type": "sym",
      "type_of": "tour map",
      "time": 1000,
      "solution": 64045,
      "permutation": "[67, 133, 74, 48, 113, 72, 123, 33, 28, 126, 173, 190, 66, 78, 31, 12, 101, 182, 153, 118, 130, 24, 25, 69, 163, 189, 70, 199, 59, 65, 76, 120, 139, 6, 30, 8, 23, 117, 64, 131, 19, 60, 122, 164, 137, 174, 179, 116, 34, 151, 79, 152, 105, 39, 71, 129, 198, 50, 149, 93, 176, 42, 13, 53, 159, 61, 145, 106, 150, 187, 186, 195, 166, 178, 196, 36, 172, 135, 83, 32, 40, 168, 51, 90, 54, 5, 94, 119, 7, 175, 104, 77, 58, 157, 41, 62, 200, 194, 97, 108, 3, 85, 144, 142, 15, 86, 91, 121, 169, 38, 88, 10, 27, 44, 127, 43, 46, 112, 125, 20, 160, 18, 45, 107, 109, 191, 140, 26, 110, 99, 29, 134, 184, 143, 193, 4, 161, 103, 73, 17, 167, 170, 138, 82, 111, 115, 84, 2, 185, 1, 155, 128, 75, 158, 183, 98, 55, 114, 147, 177, 197, 56, 192, 136, 89, 87, 52, 80, 57, 81, 21, 95, 37, 171, 96, 9, 156, 63, 132, 35, 188, 141, 11, 180, 165, 16, 181, 49, 162, 22, 14, 154, 100, 68, 148, 47, 124, 102, 92, 146]",
      "size_of_graph": 200,
      "iteration": 25,
      "mutex": 0.5
   }
]