[
   {
      "Type": "sym",
      "type_of": "tour cycle",
      "time": 1000,
      "solution": 75678,
      "permutation": "[40, 135, 182, 73, 156, 34, 100, 127, 186, 166, 35, 24, 153, 64, 37, 155, 165, 124, 2, 59, 196, 161, 11, 23, 144, 50, 185, 164, 56, 68, 175, 142, 53, 43, 149, 139, 143, 195, 61, 16, 78, 26, 87, 79, 140, 184, 177, 90, 129, 66, 75, 9, 3, 19, 6, 74, 60, 51, 173, 94, 194, 22, 69, 12, 183, 123, 4, 20, 88, 31, 115, 15, 38, 83, 103, 154, 110, 101, 5, 198, 57, 141, 70, 85, 187, 138, 27, 13, 1, 10, 39, 160, 150, 95, 91, 145, 188, 128, 67, 109, 62, 76, 163, 176, 158, 54, 45, 8, 119, 189, 97, 92, 190, 98, 47, 49, 148, 147, 93, 133, 42, 48, 134, 132, 65, 17, 89, 162, 7, 112, 41, 197, 55, 18, 172, 21, 84, 193, 30, 179, 146, 63, 118, 32, 131, 14, 126, 46, 170, 72, 33, 191, 71, 167, 77, 81, 99, 96, 113, 108, 151, 199, 181, 36, 125, 25, 105, 180, 114, 120, 122, 102, 28, 121, 200, 80, 116, 159, 152, 192, 106, 117, 137, 136, 130, 171, 157, 58, 168, 82, 169, 104, 44, 29, 178, 107, 111, 86, 174, 52]",
      "size_of_graph": 200,
      "iteration": 12,
      "mutex": 0.05
   },
   {
      "Type": "sym",
      "type_of": "tour cycle",
      "time": 1000,
      "solution": 75067,
      "permutation": "[186, 34, 90, 81, 179, 18, 20, 82, 101, 23, 79, 7, 22, 198, 102, 85, 140, 158, 139, 50, 71, 89, 135, 184, 12, 77, 98, 42, 138, 87, 8, 94, 189, 123, 161, 29, 144, 164, 194, 32, 74, 174, 24, 118, 55, 53, 66, 167, 48, 54, 69, 17, 114, 109, 188, 142, 84, 176, 2, 9, 104, 44, 49, 146, 45, 129, 169, 131, 193, 14, 99, 111, 200, 60, 67, 119, 120, 141, 62, 13, 175, 59, 151, 130, 171, 162, 78, 83, 156, 92, 25, 160, 36, 6, 157, 58, 155, 133, 116, 52, 47, 15, 86, 65, 163, 126, 88, 190, 199, 27, 73, 182, 134, 149, 166, 11, 145, 115, 64, 112, 127, 5, 136, 196, 137, 177, 106, 159, 154, 76, 105, 33, 21, 195, 187, 96, 148, 132, 152, 39, 46, 147, 128, 113, 31, 68, 153, 1, 191, 110, 28, 173, 97, 143, 108, 165, 150, 117, 122, 72, 3, 56, 57, 172, 70, 40, 170, 63, 180, 103, 35, 19, 93, 10, 91, 192, 168, 125, 100, 37, 121, 80, 181, 4, 61, 95, 26, 178, 43, 183, 38, 41, 75, 51, 185, 124, 107, 30, 16, 197]",
      "size_of_graph": 200,
      "iteration": 13,
      "mutex": 0.1
   },
   {
      "Type": "sym",
      "type_of": "tour cycle",
      "time": 1000,
      "solution": 74445,
      "permutation": "[86, 198, 166, 180, 191, 171, 72, 138, 15, 114, 31, 158, 176, 21, 140, 116, 103, 120, 63, 48, 6, 50, 40, 197, 172, 85, 194, 90, 157, 53, 54, 83, 76, 49, 110, 5, 44, 12, 41, 8, 133, 121, 71, 162, 88, 89, 150, 33, 69, 108, 95, 168, 24, 57, 118, 156, 178, 184, 145, 154, 43, 51, 160, 104, 113, 173, 74, 14, 143, 196, 134, 96, 167, 81, 55, 28, 10, 18, 59, 1, 106, 30, 92, 164, 195, 39, 36, 80, 42, 66, 186, 126, 84, 125, 146, 193, 101, 23, 16, 135, 170, 105, 38, 9, 62, 70, 192, 119, 45, 34, 151, 100, 177, 60, 181, 137, 123, 75, 131, 122, 165, 142, 13, 155, 175, 169, 139, 179, 64, 187, 148, 93, 29, 35, 61, 67, 102, 199, 109, 79, 94, 182, 147, 183, 19, 77, 25, 82, 56, 98, 99, 128, 161, 129, 152, 144, 47, 141, 20, 97, 130, 127, 136, 52, 3, 163, 73, 200, 124, 188, 26, 174, 11, 87, 78, 27, 65, 189, 159, 58, 91, 112, 107, 2, 190, 32, 17, 68, 22, 185, 46, 132, 37, 4, 153, 111, 117, 149, 7, 115]",
      "size_of_graph": 200,
      "iteration": 14,
      "mutex": 0.2
   },
   {
      "Type": "sym",
      "type_of": "tour cycle",
      "time": 1000,
      "solution": 76398,
      "permutation": "[107, 191, 190, 76, 51, 144, 38, 158, 2, 46, 172, 111, 54, 81, 195, 55, 41, 134, 135, 48, 192, 124, 123, 137, 114, 52, 29, 119, 80, 104, 179, 181, 50, 102, 69, 154, 197, 61, 178, 82, 1, 180, 142, 21, 79, 86, 44, 177, 113, 153, 132, 71, 36, 149, 130, 11, 34, 141, 139, 37, 103, 75, 170, 164, 118, 10, 90, 171, 184, 33, 128, 127, 99, 117, 84, 169, 27, 126, 136, 32, 125, 200, 147, 159, 87, 152, 108, 40, 143, 109, 91, 148, 15, 163, 129, 59, 166, 70, 42, 31, 47, 105, 30, 106, 150, 160, 20, 146, 131, 95, 196, 17, 115, 77, 92, 78, 198, 100, 4, 39, 62, 57, 56, 199, 156, 16, 8, 89, 194, 189, 168, 187, 23, 162, 116, 182, 63, 53, 18, 96, 173, 193, 185, 110, 43, 176, 45, 101, 22, 72, 12, 3, 66, 9, 6, 121, 138, 98, 140, 188, 13, 97, 74, 157, 5, 24, 112, 175, 14, 65, 93, 49, 60, 85, 88, 161, 7, 174, 133, 120, 35, 183, 186, 67, 165, 25, 155, 58, 145, 64, 73, 151, 68, 26, 122, 167, 28, 94, 19, 83]",
      "size_of_graph": 200,
      "iteration": 11,
      "mutex": 0.3
   },
   {
      "Type": "sym",
      "type_of": "tour cycle",
      "time": 1000,
      "solution": 77124,
      "permutation": "[21, 161, 45, 148, 120, 139, 91, 98, 103, 144, 123, 152, 54, 143, 135, 46, 79, 104, 47, 76, 194, 2, 56, 162, 86, 41, 38, 57, 110, 108, 189, 137, 141, 92, 111, 132, 166, 72, 125, 163, 180, 19, 53, 128, 71, 97, 10, 7, 198, 100, 195, 59, 50, 69, 15, 14, 136, 191, 22, 150, 193, 4, 158, 105, 52, 89, 182, 155, 176, 185, 81, 25, 42, 196, 36, 133, 165, 70, 37, 65, 5, 192, 48, 13, 44, 153, 84, 28, 183, 73, 102, 168, 131, 154, 145, 24, 107, 169, 80, 115, 27, 99, 142, 8, 177, 78, 151, 61, 126, 156, 124, 12, 85, 26, 20, 18, 32, 16, 51, 30, 178, 75, 187, 87, 160, 64, 147, 116, 93, 181, 109, 39, 11, 3, 67, 58, 188, 95, 77, 175, 23, 62, 101, 138, 172, 29, 34, 90, 31, 129, 159, 118, 35, 134, 112, 174, 60, 43, 55, 9, 167, 40, 114, 186, 171, 33, 6, 117, 83, 119, 146, 88, 121, 49, 82, 63, 74, 130, 199, 190, 1, 122, 140, 170, 200, 179, 184, 149, 96, 164, 127, 17, 68, 106, 157, 113, 197, 173, 94, 66]",
      "size_of_graph": 200,
      "iteration": 11,
      "mutex": 0.5
   },
   {
      "Type": "sym",
      "type_of": "tour cycle",
      "time": 1000,
      "solution": 76229,
      "permutation": "[102, 21, 35, 165, 7, 82, 190, 11, 130, 49, 39, 157, 74, 10, 198, 13, 28, 150, 94, 83, 135, 168, 160, 186, 33, 55, 104, 47, 156, 122, 100, 183, 123, 166, 37, 128, 63, 145, 23, 151, 144, 131, 79, 163, 18, 118, 140, 139, 107, 199, 66, 115, 179, 98, 171, 162, 22, 178, 46, 121, 58, 167, 15, 192, 169, 54, 27, 43, 36, 189, 95, 158, 195, 148, 136, 75, 72, 69, 184, 181, 146, 41, 30, 20, 101, 2, 64, 112, 155, 193, 125, 17, 40, 31, 87, 105, 61, 177, 56, 182, 86, 180, 53, 109, 60, 89, 174, 67, 164, 187, 91, 138, 12, 132, 73, 153, 14, 110, 4, 70, 116, 81, 32, 120, 65, 129, 117, 137, 127, 119, 52, 97, 106, 200, 5, 68, 152, 19, 25, 90, 194, 24, 42, 48, 99, 143, 126, 161, 45, 44, 78, 77, 92, 176, 124, 113, 16, 103, 111, 154, 93, 114, 51, 38, 1, 141, 197, 196, 185, 170, 62, 159, 29, 96, 188, 34, 6, 108, 84, 3, 134, 80, 50, 8, 71, 173, 172, 26, 76, 59, 133, 142, 175, 147, 191, 57, 85, 149, 9, 88]",
      "size_of_graph": 200,
      "iteration": 12,
      "mutex": 0.05
   },
   {
      "Type": "sym",
      "type_of": "tour cycle",
      "time": 1000,
      "solution": 75401,
      "permutation": "[96, 99, 187, 87, 144, 80, 160, 74, 63, 142, 57, 183, 27, 130, 88, 16, 116, 198, 32, 24, 64, 191, 170, 48, 78, 137, 47, 104, 3, 171, 75, 156, 196, 11, 186, 105, 15, 161, 65, 20, 103, 98, 71, 117, 173, 31, 77, 139, 56, 111, 132, 67, 100, 58, 60, 172, 154, 90, 2, 136, 107, 52, 44, 134, 61, 168, 185, 21, 167, 55, 94, 7, 162, 46, 178, 159, 140, 114, 45, 165, 155, 70, 6, 43, 102, 163, 169, 92, 59, 124, 138, 152, 115, 127, 133, 68, 120, 30, 84, 8, 42, 131, 36, 121, 141, 9, 158, 89, 54, 101, 197, 25, 110, 119, 113, 17, 72, 106, 39, 148, 199, 26, 95, 112, 123, 69, 40, 184, 135, 193, 1, 85, 18, 10, 181, 126, 128, 109, 33, 5, 146, 194, 122, 28, 157, 192, 23, 129, 41, 66, 176, 83, 118, 177, 51, 38, 125, 145, 4, 81, 34, 93, 195, 166, 62, 97, 12, 82, 13, 73, 182, 190, 189, 53, 164, 188, 150, 79, 14, 175, 86, 49, 19, 180, 153, 143, 147, 149, 108, 37, 35, 179, 22, 50, 174, 151, 91, 76, 200, 29]",
      "size_of_graph": 200,
      "iteration": 12,
      "mutex": 0.1
   },
   {
      "Type": "sym",
      "type_of": "tour cycle",
      "time": 1000,
      "solution": 76802,
      "permutation": "[75, 189, 169, 17, 185, 89, 150, 112, 148, 3, 49, 82, 196, 141, 137, 14, 156, 111, 173, 180, 28, 10, 78, 64, 63, 65, 81, 34, 8, 86, 60, 142, 68, 104, 110, 151, 160, 36, 30, 161, 198, 200, 90, 135, 134, 23, 117, 95, 149, 157, 109, 71, 26, 184, 37, 59, 50, 165, 167, 2, 32, 126, 107, 158, 98, 25, 53, 13, 52, 152, 42, 132, 91, 119, 41, 163, 174, 191, 38, 85, 6, 58, 162, 88, 69, 187, 83, 87, 154, 47, 102, 195, 31, 56, 183, 62, 77, 192, 44, 4, 74, 116, 48, 94, 193, 24, 127, 120, 84, 1, 106, 19, 186, 131, 61, 145, 54, 55, 99, 12, 199, 144, 101, 178, 190, 113, 138, 136, 43, 35, 139, 182, 197, 29, 67, 15, 11, 105, 7, 159, 129, 18, 128, 122, 146, 147, 16, 46, 121, 125, 123, 21, 170, 143, 153, 103, 175, 66, 97, 133, 70, 57, 181, 188, 130, 118, 140, 177, 80, 166, 168, 172, 114, 73, 45, 194, 92, 124, 22, 20, 108, 33, 93, 176, 72, 115, 39, 96, 164, 155, 40, 179, 51, 76, 79, 27, 100, 5, 9, 171]",
      "size_of_graph": 200,
      "iteration": 12,
      "mutex": 0.2
   },
   {
      "Type": "sym",
      "type_of": "tour cycle",
      "time": 1000,
      "solution": 76194,
      "permutation": "[20, 17, 162, 5, 121, 151, 46, 133, 145, 10, 34, 15, 4, 170, 88, 123, 86, 3, 179, 156, 96, 19, 189, 137, 181, 54, 25, 198, 67, 164, 177, 61, 98, 87, 114, 111, 108, 40, 152, 38, 78, 175, 80, 51, 119, 18, 9, 71, 166, 103, 2, 28, 192, 23, 102, 106, 41, 79, 141, 199, 188, 148, 55, 12, 117, 35, 134, 69, 48, 94, 63, 32, 143, 36, 178, 196, 174, 135, 6, 37, 70, 157, 81, 195, 127, 115, 149, 95, 122, 101, 89, 147, 24, 60, 104, 194, 85, 75, 43, 27, 82, 155, 105, 77, 144, 142, 29, 97, 112, 128, 53, 191, 62, 39, 124, 173, 90, 11, 21, 22, 165, 186, 52, 113, 146, 136, 180, 83, 91, 109, 129, 167, 193, 58, 187, 33, 92, 72, 118, 50, 200, 171, 8, 183, 66, 73, 30, 59, 99, 182, 84, 14, 132, 1, 138, 184, 159, 176, 116, 125, 169, 13, 130, 161, 76, 168, 140, 47, 42, 7, 26, 154, 68, 172, 16, 65, 150, 139, 107, 64, 131, 45, 160, 197, 49, 185, 190, 56, 126, 57, 93, 44, 110, 120, 100, 153, 158, 74, 163, 31]",
      "size_of_graph": 200,
      "iteration": 13,
      "mutex": 0.3
   },
   {
      "Type": "sym",
      "type_of": "tour cycle",
      "time": 1000,
      "solution": 75222,
      "permutation": "[148, 2, 23, 22, 138, 131, 163, 91, 118, 198, 96, 42, 121, 153, 126, 89, 171, 86, 119, 184, 139, 165, 103, 80, 49, 43, 4, 25, 64, 117, 27, 156, 150, 106, 34, 51, 95, 7, 191, 100, 3, 130, 94, 152, 71, 129, 76, 132, 73, 70, 127, 123, 97, 31, 20, 147, 15, 50, 128, 188, 170, 134, 115, 154, 111, 14, 149, 82, 194, 92, 166, 24, 116, 155, 120, 200, 66, 104, 146, 160, 157, 58, 53, 35, 32, 186, 56, 135, 1, 21, 137, 37, 13, 59, 55, 142, 193, 112, 162, 60, 107, 40, 29, 72, 47, 176, 196, 161, 33, 93, 101, 84, 57, 108, 65, 83, 85, 145, 190, 143, 11, 48, 26, 67, 28, 133, 122, 178, 18, 159, 177, 180, 169, 102, 124, 114, 77, 197, 141, 98, 125, 192, 181, 41, 61, 36, 38, 46, 88, 5, 9, 110, 109, 39, 54, 182, 63, 52, 168, 19, 45, 175, 79, 62, 144, 189, 78, 44, 183, 187, 136, 69, 195, 151, 167, 113, 30, 8, 199, 17, 81, 16, 12, 179, 87, 90, 173, 75, 68, 6, 174, 158, 105, 185, 10, 172, 99, 74, 140, 164]",
      "size_of_graph": 200,
      "iteration": 13,
      "mutex": 0.5
   },
   {
      "Type": "sym",
      "type_of": "tour cycle",
      "time": 1000,
      "solution": 76170,
      "permutation": "[135, 192, 18, 62, 37, 81, 22, 45, 21, 108, 126, 138, 106, 158, 41, 27, 113, 76, 122, 127, 36, 4, 3, 147, 86, 104, 102, 157, 19, 185, 161, 155, 98, 144, 16, 167, 90, 54, 174, 59, 154, 188, 65, 181, 182, 118, 84, 67, 15, 82, 151, 134, 117, 23, 125, 42, 31, 85, 25, 75, 107, 187, 43, 48, 77, 40, 165, 196, 49, 139, 101, 195, 24, 121, 143, 179, 2, 173, 170, 97, 190, 189, 140, 79, 105, 133, 83, 55, 72, 32, 164, 162, 199, 146, 149, 56, 78, 110, 89, 80, 57, 119, 34, 176, 99, 152, 5, 35, 142, 183, 51, 198, 50, 103, 66, 70, 71, 93, 197, 9, 12, 33, 141, 64, 153, 39, 11, 123, 145, 166, 92, 160, 163, 111, 10, 46, 200, 132, 129, 172, 100, 116, 69, 73, 6, 96, 1, 88, 44, 14, 131, 120, 193, 7, 128, 184, 156, 177, 180, 148, 52, 136, 28, 178, 191, 13, 137, 53, 26, 60, 74, 109, 150, 20, 68, 186, 171, 91, 112, 17, 94, 115, 130, 114, 87, 124, 30, 194, 61, 168, 38, 29, 175, 95, 63, 8, 169, 159, 47, 58]",
      "size_of_graph": 200,
      "iteration": 14,
      "mutex": 0.05
   },
   {
      "Type": "sym",
      "type_of": "tour cycle",
      "time": 1000,
      "solution": 75098,
      "permutation": "[28, 116, 18, 45, 143, 135, 194, 163, 40, 105, 20, 144, 10, 198, 110, 4, 185, 119, 27, 63, 92, 137, 37, 49, 150, 109, 82, 19, 189, 48, 86, 88, 146, 75, 23, 44, 196, 21, 2, 138, 177, 64, 25, 30, 197, 93, 111, 12, 188, 53, 178, 15, 123, 199, 69, 100, 54, 132, 68, 17, 59, 195, 33, 151, 43, 42, 156, 55, 89, 107, 124, 190, 32, 192, 14, 13, 193, 127, 161, 22, 38, 7, 58, 26, 169, 83, 139, 112, 62, 79, 182, 176, 180, 31, 166, 47, 141, 173, 168, 140, 61, 104, 56, 167, 46, 65, 113, 153, 171, 154, 170, 122, 186, 183, 157, 8, 175, 134, 145, 50, 70, 159, 106, 97, 136, 98, 80, 3, 34, 160, 101, 181, 115, 142, 184, 120, 131, 108, 126, 16, 76, 94, 172, 73, 90, 85, 72, 84, 11, 1, 191, 114, 81, 200, 24, 165, 36, 77, 128, 121, 91, 103, 39, 158, 174, 148, 130, 155, 179, 149, 125, 152, 71, 117, 187, 66, 102, 118, 41, 129, 67, 133, 164, 147, 99, 74, 57, 9, 5, 95, 60, 162, 29, 78, 52, 96, 35, 6, 51, 87]",
      "size_of_graph": 200,
      "iteration": 14,
      "mutex": 0.1
   },
   {
      "Type": "sym",
      "type_of": "tour cycle",
      "time": 1000,
      "solution": 75528,
      "permutation": "[18, 109, 56, 98, 53, 22, 29, 137, 83, 76, 105, 162, 61, 90, 112, 113, 163, 36, 28, 124, 131, 114, 40, 50, 8, 86, 156, 94, 47, 165, 31, 118, 194, 133, 73, 132, 174, 158, 173, 69, 116, 143, 85, 142, 84, 178, 1, 70, 62, 20, 30, 175, 169, 45, 60, 126, 25, 134, 39, 200, 122, 145, 115, 78, 149, 16, 27, 125, 171, 183, 187, 117, 176, 68, 38, 128, 157, 182, 135, 72, 138, 104, 7, 189, 161, 19, 37, 81, 32, 33, 89, 80, 107, 3, 6, 97, 120, 13, 155, 166, 58, 196, 121, 63, 15, 75, 103, 43, 66, 197, 95, 150, 140, 152, 44, 4, 77, 153, 139, 184, 198, 192, 168, 5, 127, 14, 26, 111, 9, 48, 154, 164, 123, 151, 74, 108, 190, 96, 79, 82, 141, 49, 188, 199, 102, 110, 92, 35, 180, 193, 11, 195, 21, 51, 87, 136, 172, 129, 59, 181, 177, 55, 99, 64, 46, 88, 119, 144, 186, 24, 17, 130, 12, 52, 57, 167, 91, 71, 191, 170, 148, 147, 23, 54, 93, 146, 65, 67, 42, 2, 10, 159, 160, 34, 179, 41, 101, 100, 106, 185]",
      "size_of_graph": 200,
      "iteration": 14,
      "mutex": 0.2
   },
   {
      "Type": "sym",
      "type_of": "tour cycle",
      "time": 1000,
      "solution": 76850,
      "permutation": "[175, 91, 70, 65, 200, 15, 160, 96, 154, 123, 155, 66, 158, 198, 149, 25, 98, 34, 186, 170, 39, 196, 48, 95, 142, 195, 189, 133, 157, 3, 117, 121, 23, 64, 126, 38, 173, 54, 60, 72, 33, 178, 86, 116, 56, 97, 78, 177, 47, 58, 20, 17, 77, 5, 36, 32, 188, 26, 13, 104, 122, 83, 6, 140, 19, 51, 18, 57, 119, 192, 147, 141, 109, 132, 161, 156, 49, 171, 69, 7, 135, 10, 143, 68, 93, 1, 176, 106, 148, 73, 50, 159, 180, 136, 199, 92, 131, 81, 80, 74, 194, 102, 166, 22, 21, 67, 172, 94, 168, 182, 163, 150, 28, 115, 127, 139, 153, 181, 2, 44, 99, 43, 59, 30, 165, 4, 110, 46, 29, 27, 108, 89, 130, 45, 41, 24, 179, 193, 124, 90, 144, 55, 53, 129, 169, 11, 111, 42, 79, 100, 35, 174, 191, 61, 82, 31, 9, 125, 167, 52, 71, 128, 145, 146, 151, 62, 75, 114, 134, 76, 8, 101, 12, 183, 63, 190, 137, 84, 107, 103, 138, 105, 112, 164, 185, 113, 40, 187, 14, 88, 184, 37, 16, 85, 120, 162, 87, 152, 197, 118]",
      "size_of_graph": 200,
      "iteration": 13,
      "mutex": 0.3
   },
   {
      "Type": "sym",
      "type_of": "tour cycle",
      "time": 1000,
      "solution": 74982,
      "permutation": "[81, 124, 36, 12, 185, 9, 48, 161, 197, 118, 123, 200, 7, 191, 189, 122, 32, 160, 27, 162, 14, 67, 176, 121, 106, 45, 113, 102, 170, 19, 75, 196, 101, 109, 10, 132, 153, 192, 5, 18, 47, 71, 137, 97, 128, 78, 138, 174, 190, 63, 93, 52, 30, 57, 147, 28, 105, 183, 126, 80, 127, 31, 74, 79, 182, 186, 43, 193, 188, 169, 17, 94, 87, 50, 149, 51, 39, 65, 96, 150, 95, 114, 54, 69, 177, 157, 38, 53, 29, 144, 61, 86, 1, 2, 112, 40, 62, 164, 136, 84, 148, 130, 49, 15, 56, 23, 152, 195, 16, 158, 73, 116, 70, 133, 187, 66, 175, 167, 4, 82, 6, 129, 151, 156, 13, 181, 141, 111, 117, 8, 135, 92, 199, 37, 100, 179, 41, 146, 115, 98, 103, 184, 91, 180, 163, 125, 58, 194, 3, 172, 90, 42, 104, 77, 68, 119, 44, 25, 33, 83, 85, 159, 154, 11, 55, 60, 46, 143, 171, 35, 76, 26, 20, 140, 108, 22, 24, 64, 99, 145, 131, 166, 173, 165, 107, 21, 198, 178, 89, 168, 59, 88, 34, 139, 142, 134, 155, 120, 110, 72]",
      "size_of_graph": 200,
      "iteration": 16,
      "mutex": 0.5
   }
]